1       0.000000000000000000e+00
2       0.000000000000000000e+00
3       0.000000000000000000e+00
4       0.000000000000000000e+00
5       0.000000000000000000e+00
6       0.000000000000000000e+00
7       0.000000000000000000e+00
8       0.000000000000000000e+00
9       0.000000000000000000e+00
10      0.000000000000000000e+00
11      0.000000000000000000e+00
12      0.000000000000000000e+00
13      0.000000000000000000e+00
14      0.000000000000000000e+00
15      0.000000000000000000e+00
16      0.000000000000000000e+00
17      0.000000000000000000e+00
18      0.000000000000000000e+00
19      0.000000000000000000e+00
20      0.000000000000000000e+00
21      0.000000000000000000e+00
22      0.000000000000000000e+00
23      1.064878438763854579e-08
24      1.278275007173675300e-08
25      2.284723516485472787e-07
26      2.229005058193527804e-07
27      2.151756713734775175e-07
28      2.074908259672818890e-07
29      2.003359698994445880e-07
30      1.936581042361297366e-07
31      1.888840280304147642e-07
32      1.183920211521933603e-05
33      5.790128879235707749e-04
34      1.293645529052422699e-03
35      2.487398143038658648e-03
36      3.300872764653012617e-03
37      4.224540431500203343e-03
38      4.278338111176253553e-03
39      9.238605211556129293e-02
40      1.639821631244915145e-01
41      3.311209208312476115e-01
42      4.797688683106319796e-01
43      8.021473862957533285e-01
44      1.012247023382449873e+00
45      2.375142115737357784e+00
46      2.972484028436996883e+00
47      4.412578832600126510e+00
48      4.627135860278383639e+00
49      5.902728832318084429e+00
50      8.338146952645256960e+00
51      1.496283141278601470e+01
52      1.702686070313243860e+01
53      2.649786878149179614e+01
54      2.801217349830989889e+01
55      3.168513142502154523e+01
56      3.819066737349582041e+01
57      4.121212594506167903e+01
58      4.401039592326686289e+01
59      4.763621193207706028e+01
60      5.769955626188410491e+01
61      6.921074158025537315e+01
62      7.548039352448782324e+01
63      8.397264482456768064e+01
64      9.731702396010282996e+01
65      1.026154072193813818e+02
66      1.048946270419706792e+02
67      1.060169394496990662e+02
68      1.123789717731670521e+02
69      1.299799318313930598e+02
70      1.390831332526946937e+02
71      1.407907649045180278e+02
72      1.876392824965909085e+02
73      2.025391700108772284e+02
74      2.150570614343939724e+02
75      2.553986394531438577e+02
76      2.607611337864071288e+02
77      2.892401892071318912e+02
78      2.900140224220947403e+02
79      3.718267282705503476e+02
80      4.473723919645410092e+02
81      5.217547556780857576e+02
82      7.074957143623156526e+02
83      7.450690325084517553e+02
84      7.862848312239487996e+02
85      1.281327308531708240e+03
86      1.392388618712054267e+03
87      1.562682736027565170e+03
88      1.694905845949351260e+03
89      1.810899199869011909e+03
90      2.227659100023254268e+03
91      2.506853485288281263e+03
92      3.491868109150529563e+03
93      3.894246411598680425e+03
94      4.514249736433656835e+03
95      5.228234805315164522e+03
96      5.691055798364825932e+03
97      5.729780365780898137e+03
98      5.912091571763889988e+03
99      6.012576273266551652e+03
100     6.515013167976410841e+03
101     6.450508129366665344e+03
102     6.621403340358157948e+03
103     7.035726311060107946e+03
104     7.348420768624793709e+03
105     7.278435779940983593e+03
106     7.351543684989268513e+03
107     7.829286535997001010e+03
108     8.261567127304104361e+03
109     8.664429365622934711e+03
110     8.585661825216482612e+03
111     9.739016371346653614e+03
112     1.043950980813549904e+04
113     1.082084594672711683e+04
114     1.112577185920647389e+04
115     1.150742316917066455e+04
116     1.181547811132094103e+04
117     1.249631023595680381e+04
118     1.343998802133362551e+04
119     1.339975353547608938e+04
120     1.356579865789644646e+04
121     1.357378023821805800e+04
122     1.365971719949340877e+04
123     1.403625274937151516e+04
124     1.489863320866093272e+04
125     1.530500420181469781e+04
126     1.589351560390954182e+04
127     1.576837043669394552e+04
128     1.620068364229185136e+04
129     1.700016026458652050e+04
130     1.690683441509046315e+04
131     1.690782883568342368e+04
132     1.751680079749695142e+04
133     1.748518745829534964e+04
134     1.739362489155305593e+04
135     1.727935712713731846e+04
136     1.716508673468728011e+04
137     1.751403692241090903e+04
138     1.758300149094297012e+04
139     1.756376684982267034e+04
140     1.767798256747253254e+04
141     1.868039309860353023e+04
142     1.870379668732299251e+04
143     1.913848572369056637e+04
144     2.110607135194446528e+04
145     2.145560762204511047e+04
146     2.144931858263899994e+04
147     2.190738826602491099e+04
148     2.255196513266792317e+04
149     2.360868752511229832e+04
150     2.345129669604555966e+04
151     2.392036862106945773e+04
152     2.390586947694102855e+04
153     2.414598733462143355e+04
154     2.435874198016389710e+04
155     2.442622524836396769e+04
156     2.537672611711909121e+04
157     2.521509158526456667e+04
158     2.545499852245740112e+04
159     2.689034586019786002e+04
160     2.775382420598336830e+04
161     2.862551196105653435e+04
162     2.923035744717654234e+04
163     2.905103039641779833e+04
164     2.915819237043809699e+04
165     2.937060965528645465e+04
166     2.938114790249512953e+04
167     2.941231302614855304e+04
168     2.985738536693496280e+04
169     2.991926941133130822e+04
170     3.074822966145892860e+04
171     3.134481841945015549e+04
172     3.190674535750737050e+04
173     3.200891382833713578e+04
174     3.218599739054865495e+04
175     3.233471990127090248e+04
176     3.287690430629093316e+04
177     3.299845821795108350e+04
178     3.321428363823351538e+04
179     3.330243465509079397e+04
180     3.355995441970926913e+04
181     3.419193045185301889e+04
182     3.471671584836573311e+04
183     3.529603458540233260e+04
184     3.592394820313145465e+04
185     3.591335953350352065e+04
186     3.583741918467153300e+04
187     3.564577573156684230e+04
188     3.672373108121458790e+04
189     3.730246127395547228e+04
190     3.724709593998632045e+04
191     3.798128283469605958e+04
192     3.846862225883461360e+04
193     3.845456168955448084e+04
194     3.903561131405926426e+04
195     3.895052365844307496e+04
196     3.889881212652460090e+04
197     4.003655484101558977e+04
198     4.197998736745751376e+04
199     4.221201046577063971e+04
200     4.288924212811462348e+04
201     4.313964420930063352e+04
202     4.321978391341089446e+04
203     4.373054224679843901e+04
204     4.416680883424652711e+04
205     4.428748044272887637e+04
206     4.422999771543027600e+04
207     4.458544264596539142e+04
208     4.528294522141265770e+04
209     4.590989314130808634e+04
210     4.647508750052913820e+04
211     4.746073322980007651e+04
212     4.766132781993295066e+04
213     4.789650682094840886e+04
214     4.959419662406127463e+04
215     5.011351638966913742e+04
216     5.151198531522401754e+04
217     5.127460830009737401e+04
218     5.212951970116667508e+04
219     5.266880485389001115e+04
220     5.298255658783396211e+04
221     5.340315935700703994e+04
222     5.338681118955511192e+04
223     5.421845354707853403e+04
224     5.527632558142941707e+04
225     5.526116973094227433e+04
226     5.539528934391000075e+04
227     5.580245494498395419e+04
228     5.600688380010054971e+04
229     5.592097523057652870e+04
230     5.593119013377693045e+04
231     5.614718029391914024e+04
232     5.601922491365922906e+04
233     5.577880248024412867e+04
234     5.593866655146350240e+04
235     5.596235262407682603e+04
236     5.589982243021448812e+04
237     5.601095114316193940e+04
238     5.678892088186704495e+04
239     5.675670449747038947e+04
240     5.668638205170455331e+04
241     5.657668983779585687e+04
242     5.673344385238561517e+04
243     5.741285849737392709e+04
244     5.782469874924613396e+04
245     5.807134516208754212e+04
246     5.825810765953265945e+04
247     5.835439751146701747e+04
248     5.951288035158768616e+04
249     6.084043806297515403e+04
250     6.145103408755532291e+04
251     6.249794624371278769e+04
252     6.276363884865773434e+04
253     6.356288459466358472e+04
254     6.393534231455248664e+04
255     6.387717624189971684e+04
256     6.384773327422064176e+04
257     6.422262281313476706e+04
258     6.435107899751972582e+04
259     6.480932851313060382e+04
260     6.485946834331638092e+04
261     6.532963239675998193e+04
262     6.541113707966892252e+04
263     6.588211750689306064e+04
264     6.626454829484311631e+04
265     6.622627586352029175e+04
266     6.711171486365239252e+04
267     6.733335278979272698e+04
268     6.742318744907955988e+04
269     6.747831306525933906e+04
270     6.875118048887519399e+04
271     6.876593813334277365e+04
272     6.991040896034588513e+04
273     6.965432618649725919e+04
274     6.989423343700249097e+04
275     7.033356084890033526e+04
276     7.020994987951147777e+04
277     7.092811568820285902e+04
278     7.126897034354034986e+04
279     7.170251986265262531e+04
280     7.180337018566345796e+04
281     7.207652315945446026e+04
282     7.182093576912804565e+04
283     7.296731757525248395e+04
284     7.285084440382424509e+04
285     7.344300144304322021e+04
286     7.383815802476090903e+04
287     7.513703027632608428e+04
288     7.541258266827769694e+04
289     7.543790172756783431e+04
290     7.631855088350870938e+04
291     7.673524188540061004e+04
292     7.748424824401772639e+04
293     7.746692957379067957e+04
294     7.785851182643804350e+04
295     7.841274298595503205e+04
296     7.843488714542119124e+04
297     7.971532446581978002e+04
298     7.944783159715094371e+04
299     8.036314334091822093e+04
300     8.279463177713364712e+04
301     8.281749124116760504e+04
302     8.254326283425281872e+04
303     8.227084409219044028e+04
304     8.333530578583947499e+04
305     8.351075173993555654e+04
306     8.480044007158660679e+04
307     8.642772407233597187e+04
308     8.808000333838674123e+04
309     8.805511248516886553e+04
310     8.823627338431988028e+04
311     8.837749652462937229e+04
312     9.317111455559814931e+04
313     9.287345304586703423e+04
314     9.428089175646462536e+04
315     9.449301902587243239e+04
316     9.571746603162609972e+04
317     9.708758822431121371e+04
318     9.842610997599815892e+04
319     9.899002005612738139e+04
320     9.879508966735799913e+04
321     1.010071207969644165e+05
322     1.008657986463473062e+05
323     1.015764965219108708e+05
324     1.031108939655453869e+05
325     1.048368346203576803e+05
326     1.080403108506925055e+05
327     1.159125687450154073e+05
328     1.175091403908248612e+05
329     1.192207597445872671e+05
330     1.263720350307325134e+05
331     1.286006374632215884e+05
332     1.365498458056159725e+05
333     1.376309267597500584e+05
334     1.391410561818723218e+05
335     1.400487952339426556e+05
336     1.419943509747458156e+05
337     1.424197499403056572e+05
338     1.438757252769818879e+05
339     1.452496025609285862e+05
340     1.479217649086645106e+05
341     1.512600979458094807e+05
342     1.518804726079237880e+05
343     1.549717255224364635e+05
344     1.570837579598899465e+05
345     1.605391494113170193e+05
346     1.663115319908657111e+05
347     1.658322909936351643e+05
348     1.655844348367890052e+05
349     1.662539828077941493e+05
350     1.685540264364396862e+05
351     1.699449850691371248e+05
352     1.735793490590262227e+05
353     1.739917796218547446e+05
354     1.778221692335542466e+05
355     1.816639714622650645e+05
356     1.856438733074074262e+05
357     1.888593720337069826e+05
358     1.897827032253188663e+05
359     1.927369842672673112e+05
360     1.934588916604910919e+05
361     1.965801712514626561e+05
362     1.972049824563865259e+05
363     1.989094864771803550e+05
364     2.011664481634970289e+05
365     2.068337950146269868e+05
366     2.091014193184104224e+05
367     2.099410647429035744e+05
368     2.116272393127977557e+05
369     2.165903043566096167e+05
370     2.168590989043190493e+05
371     2.168753213699948683e+05
372     2.199014760822397657e+05
373     2.233060807120888203e+05
374     2.227090566567822243e+05
375     2.230275001378513698e+05
376     2.227043912903332093e+05
377     2.230635054632565880e+05
378     2.240083020094870008e+05
379     2.261242187160152243e+05
380     2.273080508404259162e+05
381     2.267114548556209484e+05
382     2.283964710008263355e+05
383     2.290867367337938340e+05
384     2.306110621772542654e+05
385     2.342628008663064393e+05
386     2.354367974625274073e+05
387     2.373234833333880815e+05
388     2.379480048647487711e+05
389     2.373363492423478456e+05
390     2.369077556869964174e+05
391     2.388489058130220219e+05
392     2.419041542681706778e+05
393     2.475733628243233543e+05
394     2.500764025574351836e+05
395     2.498398529229239211e+05
396     2.492089860860287445e+05
397     2.519109585557327664e+05
398     2.536167521265870600e+05
399     2.547670790730503504e+05
400     2.558822928404442209e+05
401     2.560713633144179475e+05
402     2.563083931759275729e+05
403     2.567231480154309829e+05
404     2.601407102587122645e+05
405     2.603609530146069592e+05
406     2.619413007992850326e+05
407     2.618501910135209910e+05
408     2.612084302738623810e+05
409     2.648000501203120803e+05
410     2.644577901512403623e+05
411     2.654219200613233261e+05
412     2.668631073367960635e+05
413     2.669344465707007330e+05
414     2.684068138738733833e+05
415     2.720214484659533482e+05
416     2.749770509598207427e+05
417     2.743176598138062400e+05
418     2.761534596874615527e+05
419     2.768822769525596523e+05
420     2.800863732768960181e+05
421     2.810027260882693226e+05
422     2.812075070718539064e+05
423     2.813702989835219923e+05
424     2.810044659620875027e+05
425     2.869889948926388170e+05
426     2.876043542939493200e+05
427     2.874394511414147564e+05
428     2.909030340338835958e+05
429     2.916459694404667825e+05
430     2.911909453808508115e+05
431     2.914774638125607162e+05
432     2.926183217532012495e+05
433     2.926852794168910477e+05
434     2.943370434764024685e+05
435     2.951267206254558987e+05
436     2.963266562721692608e+05
437     2.989423404203332029e+05
438     3.039684437900352059e+05
439     3.058582887350434903e+05
440     3.051633096883518738e+05
441     3.044715272905771271e+05
442     3.101155645764325745e+05
443     3.120615096680091810e+05
444     3.126850684089230490e+05
445     3.141036159449160914e+05
446     3.173833888929648092e+05
447     3.190841652687395690e+05
448     3.237804852219414897e+05
449     3.261632597733882139e+05
450     3.313696890691086301e+05
451     3.327926265556657454e+05
452     3.346644336139736697e+05
453     3.342814195887075621e+05
454     3.352761216476921691e+05
455     3.382628554537435411e+05
456     3.382699137063354719e+05
457     3.412096517868834781e+05
458     3.438810638255875092e+05
459     3.460065284990658984e+05
460     3.462468158759471262e+05
461     3.513773017920131679e+05
462     3.558216392639732221e+05
463     3.567988761561544379e+05
464     3.600144240147396340e+05
465     3.599400744133201661e+05
466     3.617014437360828160e+05
467     3.616662759321518242e+05
468     3.630853360183461918e+05
469     3.665822704106721212e+05
470     3.666680853701362503e+05
471     3.681923167369797593e+05
472     3.692120097363482346e+05
473     3.718279902071483666e+05
474     3.812960803858180880e+05
475     3.872089764644301613e+05
476     3.912863451402680948e+05
477     3.979684884583096718e+05
478     3.982271884890240035e+05
479     4.009500469384113676e+05
480     4.027601136197490268e+05
481     4.029583200771255651e+05
482     4.050857396554186125e+05
483     4.099289757250924013e+05
484     4.181718231569278869e+05
485     4.189076610738077434e+05
486     4.233522110994494869e+05
487     4.254447223164057359e+05
488     4.253554935456059175e+05
489     4.264126697732393513e+05
490     4.306721808857753640e+05
491     4.313600045738214394e+05
492     4.337545312389337341e+05
493     4.369907036991512286e+05
494     4.395682535015788162e+05
495     4.391485027091517113e+05
496     4.480687185594863840e+05
497     4.525579930105485255e+05
498     4.576422616798055824e+05
499     4.567252431678486755e+05
500     4.593723343800753355e+05
501     4.610952590053012245e+05
502     4.693530627961594146e+05
503     4.773648685500413412e+05
504     4.790850126507857349e+05
505     4.866666323867330211e+05
506     4.883726719815293327e+05
507     4.938501039829181973e+05
508     4.958511909058184247e+05
509     4.983655533909683581e+05
510     5.108314199703196064e+05
511     5.175583353582759155e+05
512     5.209872876100952853e+05
513     5.225502491056864383e+05
514     5.303918149867592147e+05
515     5.293622347948612878e+05
516     5.348383169964404078e+05
517     5.416308650272178929e+05
518     5.512276114233105909e+05
519     5.513353178779511945e+05
520     5.515378147777117556e+05
521     5.613172897941849660e+05
522     5.626298719372338383e+05
523     5.693057673102725530e+05
524     5.743573255224421155e+05
525     5.732636425821415614e+05
526     5.721740711188616697e+05
527     5.765875572341653751e+05
528     5.754958486891777720e+05
529     5.744082509250447620e+05
530     5.796107031706694979e+05
531     5.809405498478139052e+05
532     5.870258870753247757e+05
533     5.880492989576313412e+05
534     5.917788094318186631e+05
535     5.944708700194600970e+05
536     6.026999768143801484e+05
537     6.048324352354999864e+05
538     6.069860815921820467e+05
539     6.108458369492344791e+05
540     6.120039439144984353e+05
541     6.163850411043814383e+05
542     6.192741453705591848e+05
543     6.203371605685829418e+05
544     6.247813913943627849e+05
545     6.253888212180139963e+05
546     6.368583377549117431e+05
547     6.388417810971466824e+05
548     6.397559052287362283e+05
549     6.397807066716291010e+05
550     6.412580202684107935e+05
551     6.451353965137028135e+05
552     6.449477177269286476e+05
553     6.437819488318755757e+05
554     6.474349655042898376e+05
555     6.462689836350936675e+05
556     6.504627916927943006e+05
557     6.492955449887593277e+05
558     6.537457827935314272e+05
559     6.525767290100901155e+05
560     6.535904419452501461e+05
561     6.540201635748330737e+05
562     6.560412368927792413e+05
563     6.650866214473729488e+05
564     6.639083215550526511e+05
565     6.646380293353793677e+05
566     6.645094813905009069e+05
567     6.651282873420570977e+05
568     6.639581344677621964e+05
569     6.627919668980141869e+05
570     6.662137406713232631e+05
571     6.679663186702409294e+05
572     6.845835413619746687e+05
573     6.877515190155954333e+05
574     6.959689697477335576e+05
575     6.967057976576633519e+05
576     7.032043691267608665e+05
577     7.060055042512298096e+05
578     7.082292445140627678e+05
579     7.078154131985501153e+05
580     7.119473945138377603e+05
581     7.247008235016836552e+05
582     7.261596910373058636e+05
583     7.249143348223619396e+05
584     7.242530413676563185e+05
585     7.250689623013333185e+05
586     7.244064210303677246e+05
587     7.248660034799504792e+05
588     7.282143611417026259e+05
589     7.323877704432383180e+05
590     7.326012534271826735e+05
591     7.349177226230995730e+05
592     7.336764268099394394e+05
593     7.324393419339224929e+05
594     7.319161419975362951e+05
595     7.306861583671827102e+05
596     7.314006359982634895e+05
597     7.341233168853606330e+05
598     7.342432829863470979e+05
599     7.379645390332465759e+05
600     7.367346436091541545e+05
601     7.410960375932909083e+05
602     7.398650940521109151e+05
603     7.412206403274750337e+05
604     7.453831852933634073e+05
605     7.441512097337611485e+05
606     7.492029941397744697e+05
607     7.541394820328681963e+05
608     7.551462800455889665e+05
609     7.539063551301257685e+05
610     7.526704489064876689e+05
611     7.550263496909538517e+05
612     7.551722877873694524e+05
613     7.597703350630614441e+05
614     7.600228668275240343e+05
615     7.633910213596845279e+05
616     7.639067603485869477e+05
617     7.656822226355279563e+05
618     7.690244735170361819e+05
619     7.712440783896810608e+05
620     7.712051527081084205e+05
621     7.699635134808417642e+05
622     7.696104449111702852e+05
623     7.697297340417240048e+05
624     7.684962808231181698e+05
625     7.684753915327184368e+05
626     7.675901033148118295e+05
627     7.667076546746095410e+05
628     7.671946610749069368e+05
629     7.663869235109081492e+05
630     7.671905805238529574e+05
631     7.672872881684501190e+05
632     7.660733272030041553e+05
633     7.661403858299382264e+05
634     7.654488381571521750e+05
635     7.648622135876504472e+05
636     7.636596923785536783e+05
637     7.630176519533485407e+05
638     7.656467111995402956e+05
639     7.666902553727790946e+05
640     7.673987308209858602e+05
641     7.667960192195860436e+05
642     7.658769679639766691e+05
643     7.666705927081421250e+05
644     7.656791574172398541e+05
645     7.649782033625209006e+05
646     7.646761059284728253e+05
647     7.634944464914257405e+05
648     7.629669127119146287e+05
649     7.621398243686073693e+05
650     7.629034356437266106e+05
651     7.624388430777306203e+05
652     7.617600443701765034e+05
653     7.643867564141819021e+05
654     7.647829474306316115e+05
655     7.648860809697910445e+05
656     7.664022462745105149e+05
657     7.695632808057336370e+05
658     7.724918412891405169e+05
659     7.726413833007283974e+05
660     7.718565437668284867e+05
661     7.727638245012873085e+05
662     7.743280438946221257e+05
663     7.755379785962394672e+05
664     7.761634066867528018e+05
665     7.759516497625609627e+05
666     7.762415575214526616e+05
667     7.750779434197378578e+05
668     7.753928306985625532e+05
669     7.762154203895059181e+05
670     7.784837134662753670e+05
671     7.824623766729297349e+05
672     7.833407991476680618e+05
673     7.830560820369909052e+05
674     7.832087595710047754e+05
675     7.825251967407594202e+05
676     7.824743720541578950e+05
677     7.813187755131549202e+05
678     7.818272620140501531e+05
679     7.865755293102101423e+05
680     7.880444037109500496e+05
681     7.871845690917645115e+05
682     7.875511615166749107e+05
683     7.872541887726376299e+05
684     7.887704673808695516e+05
685     7.907378739653220400e+05
686     7.901751883125415770e+05
687     7.890250402025941294e+05
688     7.883385812028495129e+05
689     7.894847480943541741e+05
690     7.891216413478027098e+05
691     7.939426437515738653e+05
692     7.987216825977362460e+05
693     8.012116522689542035e+05
694     8.010131609513402218e+05
695     8.002560481670197332e+05
696     8.013351646089222049e+05
697     8.022946104273725068e+05
698     8.023983770002806559e+05
699     8.045006118204409722e+05
700     8.053172979373447597e+05
701     8.093110985534779029e+05
702     8.101225634353914065e+05
703     8.089704028660441982e+05
704     8.078214132069054758e+05
705     8.080343080979373772e+05
706     8.084840254868448246e+05
707     8.112355378763099434e+05
708     8.116528844669220271e+05
709     8.150765367621466285e+05
710     8.192400366044577677e+05
711     8.202981081964393379e+05
712     8.221367501000221819e+05
713     8.215254476987310918e+05
714     8.272323811022343580e+05
715     8.276316321437138831e+05
716     8.341170504039077787e+05
717     8.363145952117360430e+05
718     8.359597132490430959e+05
719     8.370126721207653172e+05
720     8.358504002224368742e+05
721     8.392245975090460852e+05
722     8.396377860962786945e+05
723     8.428705821087856311e+05
724     8.445867833562419983e+05
725     8.447466211707994808e+05
726     8.453448632090694737e+05
727     8.453960243932845769e+05
728     8.490161560602789978e+05
729     8.554321530308144866e+05
730     8.574148641842731740e+05
731     8.562419804371391656e+05
732     8.554232563409815775e+05
733     8.545389463017497910e+05
734     8.574693086885568919e+05
735     8.564390457791938679e+05
736     8.574448079784306465e+05
737     8.584709490228283685e+05
738     8.610081353001403622e+05
739     8.650377693237646017e+05
740     8.684445695413077483e+05
741     8.687990978794748662e+05
742     8.721165108947550179e+05
743     8.730762801697170362e+05
744     8.736159252316156635e+05
745     8.749072756145573221e+05
746     8.755967840258885408e+05
747     8.762953615010260837e+05
748     8.845211101701714797e+05
749     8.845652739587784745e+05
750     8.859408119144459488e+05
751     8.851266726345309289e+05
752     8.875454736380168470e+05
753     8.904204649212014629e+05
754     8.903397342954578344e+05
755     8.908537921816833550e+05
756     8.911901391622025985e+05
757     8.921708154113390483e+05
758     8.939484147084753495e+05
759     8.959440509333147202e+05
760     8.969965016638670349e+05
761     8.977660219139172696e+05
762     9.000633905180561123e+05
763     9.015885869212180842e+05
764     9.028224902555464068e+05
765     9.018084587906178785e+05
766     9.050478165269085439e+05
767     9.055658331350978697e+05
768     9.050171580976757687e+05
769     9.075181041282764636e+05
770     9.063397884859025944e+05
771     9.070522202433052007e+05
772     9.060054215054558590e+05
773     9.048335465902026044e+05
774     9.036646606453289278e+05
775     9.038293538247752003e+05
776     9.026648866996491561e+05
777     9.029915471226965310e+05
778     9.028977515199051704e+05
779     9.017388337196427165e+05
780     9.027226208095821785e+05
781     9.042471266077036271e+05
782     9.049550116511848755e+05
783     9.057918538512998493e+05
784     9.074021771947941743e+05
785     9.117636435817602323e+05
786     9.113054856104874052e+05
787     9.115850407920508878e+05
788     9.119640441755529027e+05
789     9.156292298410825897e+05
790     9.153397168564563617e+05
791     9.156285231569790049e+05
792     9.160061799632915063e+05
793     9.148509727196404710e+05
794     9.167084078177082120e+05
795     9.162848659989787266e+05
796     9.181237331158255693e+05
797     9.215158271298853215e+05
798     9.221832665888663614e+05
799     9.258666452492513927e+05
800     9.261807783384579234e+05
801     9.291820664133236278e+05
802     9.333481993912153412e+05
803     9.338951384623040212e+05
804     9.342623651688975515e+05
805     9.335648898017054889e+05
806     9.335164041279733647e+05
807     9.361806446354991058e+05
808     9.350220166605416453e+05
809     9.362063246603127336e+05
810     9.371775570709642489e+05
811     9.360221303312128875e+05
812     9.376269515214149142e+05
813     9.368114896484208293e+05
814     9.362909330016705208e+05
815     9.359706845979656791e+05
816     9.367841761192926206e+05
817     9.370917097014082829e+05
818     9.376586093907394679e+05
819     9.380907177260410972e+05
820     9.381692995529255131e+05
821     9.386905806886482751e+05
822     9.393642684490813408e+05
823     9.390879476954345591e+05
824     9.400950306705299299e+05
825     9.399437620757151162e+05
826     9.391416350180146983e+05
827     9.388676378119866131e+05
828     9.386113391878146213e+05
829     9.392205927428195719e+05
830     9.380889515772197628e+05
831     9.390287762368621770e+05
832     9.415646940349512734e+05
833     9.428898967873138608e+05
834     9.417594558906403836e+05
835     9.456271915000026347e+05
836     9.456542385487022111e+05
837     9.471333003542245133e+05
838     9.482367792298218701e+05
839     9.497728531322678318e+05
840     9.517995926356165437e+05
841     9.524024847798917908e+05
842     9.556322245192570845e+05
843     9.564532636052654125e+05
844     9.567682725053415634e+05
845     9.559892653310524765e+05
846     9.549767572752387496e+05
847     9.547598324457480339e+05
848     9.549962567838213872e+05
849     9.548701872272678884e+05
850     9.543954635272568557e+05
851     9.538488519754471490e+05
852     9.551140120934249135e+05
853     9.539942261781378184e+05
854     9.543070937557904981e+05
855     9.537998544917945983e+05
856     9.538672614060693886e+05
857     9.575028257117333123e+05
858     9.587821571442052955e+05
859     9.605958976980160223e+05
860     9.603180531042373041e+05
861     9.592025201775040478e+05
862     9.651073797881227219e+05
863     9.669650778186069801e+05
864     9.696744345460765762e+05
865     9.735350967634707922e+05
866     9.732789061331497505e+05
867     9.721563795559839346e+05
868     9.728079871668341802e+05
869     9.758005893609949853e+05
870     9.800002411786878947e+05
871     9.829935304887703387e+05
872     9.822735269847990712e+05
873     9.844801616474319017e+05
874     9.838340396631170297e+05
875     9.884819912194260396e+05
876     9.912779670316369738e+05
877     9.942893469113416504e+05
878     9.960127078680950217e+05
879     9.994232270151753910e+05
880     9.992653929391771089e+05
881     9.993667582566727651e+05
882     1.002944603252216941e+06
883     1.006349423017201130e+06
884     1.008267990597846801e+06
885     1.008010492982994998e+06
886     1.008237592070067767e+06
887     1.007854934302819544e+06
888     1.006720033576950547e+06
889     1.008632753529243520e+06
890     1.008345092792783165e+06
891     1.009591487957858248e+06
892     1.013225725176199106e+06
893     1.013643412427070900e+06
894     1.015091061401117826e+06
895     1.015931267318364233e+06
896     1.015714905194820487e+06
897     1.016910058869473869e+06
898     1.016754189950183732e+06
899     1.018244114153590403e+06
900     1.021897628086451674e+06
901     1.022486282849328127e+06
902     1.023548383134409436e+06
903     1.024367802370249527e+06
904     1.024429241908633499e+06
905     1.024913140364254010e+06
906     1.024412980538352160e+06
907     1.025054825104662101e+06
908     1.028347732911440544e+06
909     1.031677765471749590e+06
910     1.033031545445133117e+06
911     1.037717655283599393e+06
912     1.043625059023139300e+06
913     1.047520216997848940e+06
914     1.049834116193095455e+06
915     1.049275847003056901e+06
916     1.050679137338615023e+06
917     1.051633441912105540e+06
918     1.053864153488604585e+06
919     1.057233173855135217e+06
920     1.058515886842483887e+06
921     1.058121159973492846e+06
922     1.063896848911181325e+06
923     1.063844123399750795e+06
924     1.062876151718353387e+06
925     1.062513685863132589e+06
926     1.062958563751259120e+06
927     1.063181008691401919e+06
928     1.065883491152125411e+06
929     1.066818416301817866e+06
930     1.069516151200485649e+06
931     1.069112173363070004e+06
932     1.072678795442036586e+06
933     1.075843887531624176e+06
934     1.078247074007154210e+06
935     1.078598355828745291e+06
936     1.080656832307506120e+06
937     1.084553667165856343e+06
938     1.083674620709574083e+06
939     1.086930145586252911e+06
940     1.090939745741199935e+06
941     1.091110203755622264e+06
942     1.090517011338252341e+06
943     1.097716913706076797e+06
944     1.100515801043835701e+06
945     1.102583434323716676e+06
946     1.102614752779501025e+06
947     1.101984238248920999e+06
948     1.100821708766302327e+06
949     1.101403800566698192e+06
950     1.102781559342744527e+06
951     1.106794700122447684e+06
952     1.107195975769669050e+06
953     1.107049782975386363e+06
954     1.108617927788227098e+06
955     1.109344910235730698e+06
956     1.108795543351625558e+06
957     1.110102699337193277e+06
958     1.111109064434631262e+06
959     1.112963473575790878e+06
960     1.111804077718291432e+06
961     1.112047723460204666e+06
962     1.114296638393846340e+06
963     1.113390541951599298e+06
964     1.113567706054720096e+06
965     1.115562383561034920e+06
966     1.115978385497742798e+06
967     1.114824299395198701e+06
968     1.117088846711302176e+06
969     1.115936051734869368e+06
970     1.121183677706598537e+06
971     1.126958762072809506e+06
972     1.127557521970698843e+06
973     1.126398753351309802e+06
974     1.125982497355824569e+06
975     1.127548937085373560e+06
976     1.129351913954665884e+06
977     1.130610896380604012e+06
978     1.129966877973858034e+06
979     1.129782871328770649e+06
980     1.131120862627825467e+06
981     1.133116832517076982e+06
982     1.135328527271394851e+06
983     1.136588097833857173e+06
984     1.136417016563170124e+06
985     1.136451617312466726e+06
986     1.136502004241119605e+06
987     1.136171713575857924e+06
988     1.136698697688926477e+06
989     1.137907454931041691e+06
990     1.138431760256606620e+06
991     1.137624571859158576e+06
992     1.138988653584594140e+06
993     1.138055763551745331e+06
994     1.138854530435388908e+06
995     1.139318947689294582e+06
996     1.138999300647990545e+06
997     1.138241132493223762e+06
998     1.139848033184503671e+06
999     1.140666494858581806e+06
1000    1.144414620189577341e+06
1001    1.143271479994889582e+06
1002    1.144177998336818302e+06
1003    1.143788573966253782e+06
1004    1.143656373054629657e+06
1005    1.145298195450985804e+06
1006    1.144672200021353550e+06
1007    1.144889251885616221e+06
1008    1.144079096895604394e+06
1009    1.143414340505697532e+06
1010    1.145004694013087777e+06
1011    1.146650158447626512e+06
1012    1.145778821125536691e+06
1013    1.144756511656517163e+06
1014    1.146310224344299873e+06
1015    1.147614022903821664e+06
1016    1.148365979051654693e+06
1017    1.147236753237321042e+06
1018    1.147323652075900696e+06
1019    1.147338402605411829e+06
1020    1.148733599553466542e+06
1021    1.149797536450730404e+06
1022    1.150539621168928687e+06
1023    1.154392818751832470e+06
1024    1.155982305662601488e+06
1025    1.158009830364548601e+06
1026    1.157179821815305622e+06
1027    1.159504653223921545e+06
1028    1.160339174086459680e+06
1029    1.159838553396442672e+06
1030    1.159976497328314930e+06
1031    1.160737172860018443e+06
1032    1.162332454212017125e+06
1033    1.162239630344926380e+06
1034    1.161432816215260886e+06
1035    1.161037108616832644e+06
1036    1.161074198212031275e+06
1037    1.161122215501812054e+06
1038    1.161963911034488119e+06
1039    1.162262033767436398e+06
1040    1.163300307876327541e+06
1041    1.165094748631491326e+06
1042    1.165272718194219749e+06
1043    1.166211155271038413e+06
1044    1.165796199184345780e+06
1045    1.165894208872562973e+06
1046    1.165979074528473429e+06
1047    1.165190089508519974e+06
1048    1.166210579904160928e+06
1049    1.165497158271231456e+06
1050    1.166267709456076613e+06
1051    1.165863979965229053e+06
1052    1.167909547509080265e+06
1053    1.167161646295642015e+06
1054    1.166404405366313411e+06
1055    1.165298732353267260e+06
1056    1.164195093771979213e+06
1057    1.165177852880283026e+06
1058    1.166709054193627788e+06
1059    1.165842715271321591e+06
1060    1.166178958827785449e+06
1061    1.165893154450434726e+06
1062    1.165032472469827393e+06
1063    1.165279098589516245e+06
1064    1.164695757626049686e+06
1065    1.163813694918496069e+06
1066    1.162879508652679855e+06
1067    1.163379904037395027e+06
1068    1.163441459357308457e+06
1069    1.162569378962951247e+06
1070    1.163142653685613070e+06
1071    1.163136489896983607e+06
1072    1.162691048993559089e+06
1073    1.163631545436981367e+06
1074    1.162547943161872681e+06
1075    1.161466357163263485e+06
1076    1.162477800010484643e+06
1077    1.164192719264146173e+06
1078    1.164364972634518985e+06
1079    1.163879072992067784e+06
1080    1.162836234551475383e+06
1081    1.163258634056208655e+06
1082    1.162956594171489123e+06
1083    1.163306883454145864e+06
1084    1.163105798352210782e+06
1085    1.164425487350649200e+06
1086    1.164942654164939420e+06
1087    1.164973171407119138e+06
1088    1.164303159324517474e+06
1089    1.163233849077835213e+06
1090    1.162818460998400347e+06
1091    1.162817456298253033e+06
1092    1.162526557738846634e+06
1093    1.161462780927187297e+06
1094    1.162163732243162813e+06
1095    1.161862640082556522e+06
1096    1.162308180196607253e+06
1097    1.162411681467232993e+06
1098    1.162384516276699025e+06
1099    1.165127003800758626e+06
1100    1.165142549432934029e+06
1101    1.165983310921222903e+06
1102    1.166072409340665443e+06
1103    1.165541718858169392e+06
1104    1.164546899359138217e+06
1105    1.165879304475022014e+06
1106    1.164825178003929788e+06
1107    1.165642506996815326e+06
1108    1.164590485900100321e+06
1109    1.164360571813351009e+06
1110    1.164682223936154041e+06
1111    1.164121994129608152e+06
1112    1.163952340175503632e+06
1113    1.164364359880608041e+06
1114    1.163541941582450876e+06
1115    1.162970245076946216e+06
1116    1.163610123871319927e+06
1117    1.164382593004222726e+06
1118    1.163817092541424790e+06
1119    1.163471202913100831e+06
1120    1.162765613177264808e+06
1121    1.162587800445054425e+06
1122    1.163013638826486189e+06
1123    1.163980791365766432e+06
1124    1.163862106006099610e+06
1125    1.164590042826248100e+06
1126    1.165245761644837447e+06
1127    1.166105868446057197e+06
1128    1.166072647035629256e+06
1129    1.165643161361120408e+06
1130    1.165929135703191161e+06
1131    1.166438125406103907e+06
1132    1.165838938070947537e+06
1133    1.166605103562534787e+06
1134    1.166325016433988931e+06
1135    1.166022401049505686e+06
1136    1.165823367130965460e+06
1137    1.165642243557744659e+06
1138    1.165882483697685413e+06
1139    1.165584168022180209e+06
1140    1.166657580062548164e+06
1141    1.165875189806581708e+06
1142    1.165396466640012804e+06
1143    1.165069302409543889e+06
1144    1.164660042204736266e+06
1145    1.164552424017254263e+06
1146    1.163536122586821904e+06
1147    1.163612843431884656e+06
1148    1.163559388605853543e+06
1149    1.163799906269413652e+06
1150    1.163307913147196174e+06
1151    1.164030500533414539e+06
1152    1.163279527504837839e+06
1153    1.163319925788638648e+06
1154    1.162527172485321295e+06
1155    1.161928838461350184e+06
1156    1.161081271066844231e+06
1157    1.160601658212370006e+06
1158    1.160314822528749006e+06
1159    1.161563706456113141e+06
1160    1.160999522020749049e+06
1161    1.161103852539006155e+06
1162    1.160706599482552381e+06
1163    1.160149934823314426e+06
1164    1.160047059862164548e+06
1165    1.159827537885624915e+06
1166    1.160017944857965456e+06
1167    1.160351947060689796e+06
1168    1.160087962184857111e+06
1169    1.159441347224081866e+06
1170    1.158760636418921640e+06
1171    1.158016109430878656e+06
1172    1.157967439186590025e+06
1173    1.157711866425602464e+06
1174    1.158177939446057426e+06
1175    1.157817863308585482e+06
1176    1.157838356059877900e+06
1177    1.157084517226377502e+06
1178    1.156368762275560992e+06
1179    1.155587093950040173e+06
1180    1.154827159168171929e+06
1181    1.154380164449814940e+06
1182    1.154176343252512626e+06
1183    1.153200644123877166e+06
1184    1.152780857043557335e+06
1185    1.152092624812847935e+06
1186    1.151461075935680186e+06
1187    1.150993646318849409e+06
1188    1.151193794273063075e+06
1189    1.151052353884038050e+06
1190    1.150451770339810522e+06
1191    1.149876193299415521e+06
1192    1.149507478373000864e+06
1193    1.149367251175881131e+06
1194    1.148893212929915404e+06
1195    1.147931753780998522e+06
1196    1.147780214267821284e+06
1197    1.148455442767273635e+06
1198    1.148367088282856392e+06
1199    1.148036751685735071e+06
1200    1.148208533511446090e+06
1201    1.148304107957303990e+06
1202    1.148447209067533957e+06
1203    1.147733690410258481e+06
1204    1.147434331759938272e+06
1205    1.147049672148563201e+06
1206    1.146098488000697456e+06
1207    1.146082878575978335e+06
1208    1.146125279310739599e+06
1209    1.145587970764270518e+06
1210    1.145439372144111199e+06
1211    1.144909596456055995e+06
1212    1.144691161659027683e+06
1213    1.144089864061884815e+06
1214    1.143880262478256831e+06
1215    1.143324985185849480e+06
1216    1.142657852861047722e+06
1217    1.141830907787265023e+06
1218    1.140893321927756537e+06
1219    1.140465129181029741e+06
1220    1.140434616602366790e+06
1221    1.139991030351217138e+06
1222    1.140553060729574179e+06
1223    1.140327180018519750e+06
1224    1.139978722212191904e+06
1225    1.139192488239860162e+06
1226    1.138263197339580161e+06
1227    1.137658853976448998e+06
1228    1.136946608180067502e+06
1229    1.136363019401424797e+06
1230    1.135619249683928443e+06
1231    1.135231084006677382e+06
1232    1.134711833667743718e+06
1233    1.134452264523928054e+06
1234    1.133532796753651928e+06
1235    1.132976618959920947e+06
1236    1.132669594461841276e+06
1237    1.132125331558299949e+06
1238    1.132040921537129907e+06
1239    1.131464871754899854e+06
1240    1.131133141569134314e+06
1241    1.130291134940763004e+06
1242    1.129380985237774206e+06
1243    1.128812934371062554e+06
1244    1.128017004145241808e+06
1245    1.127251378370111110e+06
1246    1.126923863617646275e+06
1247    1.126529829738673521e+06
1248    1.125753785610376624e+06
1249    1.125282912999115186e+06
1250    1.124623380761392880e+06
1251    1.124307551232413854e+06
1252    1.123705096838726196e+06
1253    1.122994729818542488e+06
1254    1.122390546410602285e+06
1255    1.122083432673517149e+06
1256    1.121519311295780819e+06
1257    1.120977954166967422e+06
1258    1.120141508373243036e+06
1259    1.119544965207548812e+06
1260    1.118814325991522754e+06
1261    1.118756202550173271e+06
1262    1.118697189528594259e+06
1263    1.118131470398068428e+06
1264    1.117957739496562630e+06
1265    1.117304557799763978e+06
1266    1.116984221163623966e+06
1267    1.116404020932976622e+06
1268    1.116039958459679270e+06
1269    1.115249170122582931e+06
1270    1.114983763246387243e+06
1271    1.114624772158274893e+06
1272    1.113975842786129098e+06
1273    1.113441599699470215e+06
1274    1.112985124529128429e+06
1275    1.112514158910672879e+06
1276    1.111958078410268063e+06
1277    1.111375528183833929e+06
1278    1.111690231404959224e+06
1279    1.111227933264495106e+06
1280    1.110427615900557488e+06
1281    1.109560712848687777e+06
1282    1.108946749732886907e+06
1283    1.108361119253434939e+06
1284    1.107744937687923200e+06
1285    1.107195566200428177e+06
1286    1.106578145905038575e+06
1287    1.105883266509291483e+06
1288    1.105228432782537770e+06
1289    1.104700411720172502e+06
1290    1.104130941910559079e+06
1291    1.103723043436723994e+06
1292    1.103005243342589587e+06
1293    1.102152056416362291e+06
1294    1.101571932492060121e+06
1295    1.100934937561461935e+06
1296    1.100485518067095662e+06
1297    1.100024084269745741e+06
1298    1.099598489850591868e+06
1299    1.098991554607994854e+06
1300    1.098488763394010719e+06
1301    1.098019083085419610e+06
1302    1.097970223004321102e+06
1303    1.097524111422272865e+06
1304    1.097084571429404896e+06
1305    1.096552460306225345e+06
1306    1.095857101356847445e+06
1307    1.095193884224058362e+06
1308    1.094709996566081652e+06
1309    1.094286779568502214e+06
1310    1.093738921161620878e+06
1311    1.093258266123391688e+06
1312    1.092740095836706692e+06
1313    1.091922545470784418e+06
1314    1.092042179299703566e+06
1315    1.091324597011286067e+06
1316    1.090495198169689160e+06
1317    1.090386385775633855e+06
1318    1.089921927908618236e+06
1319    1.089249156715540681e+06
1320    1.089174972159218974e+06
1321    1.088471476378721651e+06
1322    1.087842273302435409e+06
1323    1.087148222823346499e+06
1324    1.087402514067967888e+06
1325    1.087024613489808980e+06
1326    1.087135419685657602e+06
1327    1.088061230809292989e+06
1328    1.087477370014616987e+06
1329    1.086658979490203783e+06
1330    1.087062450916299596e+06
1331    1.086383464246686315e+06
1332    1.086640271868582582e+06
1333    1.086043224665792426e+06
1334    1.086215054545644438e+06
1335    1.086266347414941294e+06
1336    1.085689571413161699e+06
1337    1.085788418576798402e+06
1338    1.085186709297609050e+06
1339    1.085151193874755409e+06
1340    1.084633429969074903e+06
1341    1.083936515065000392e+06
1342    1.083827596853789873e+06
1343    1.083630336858925410e+06
1344    1.084264253108244156e+06
1345    1.084328820986460196e+06
1346    1.083595641658720328e+06
1347    1.083365290918783518e+06
1348    1.083170990467298310e+06
1349    1.082640074516873341e+06
1350    1.081975787329882616e+06
1351    1.081511399391929386e+06
1352    1.081020445293327561e+06
1353    1.080850883162757847e+06
1354    1.080349965701197507e+06
1355    1.080657412303636083e+06
1356    1.081009668624754529e+06
1357    1.080292191525968257e+06
1358    1.080760331386307022e+06
1359    1.080408122012176085e+06
1360    1.080593762165363878e+06
1361    1.080551185019758763e+06
1362    1.079757777241417207e+06
1363    1.079915835851866985e+06
1364    1.079347096176887630e+06
1365    1.079250160444271518e+06
1366    1.078868599264245015e+06
1367    1.078423157211410580e+06
1368    1.077803291270218091e+06
1369    1.077178300608919468e+06
1370    1.076631392015274148e+06
1371    1.075958149831183953e+06
1372    1.076463534121982520e+06
1373    1.076413035400449531e+06
1374    1.076442451504007215e+06
1375    1.076513021383742103e+06
1376    1.076155690832552966e+06
1377    1.076600955284774071e+06
1378    1.075967637419190491e+06
1379    1.075187325347478501e+06
1380    1.074954156687084120e+06
1381    1.074903438135466306e+06
1382    1.074531972530108178e+06
1383    1.074250202266291250e+06
1384    1.073984206268321490e+06
1385    1.073650068135804497e+06
1386    1.073110533420728287e+06
1387    1.072742271611951757e+06
1388    1.072316178307150491e+06
1389    1.071886136056680465e+06
1390    1.071563573832767317e+06
1391    1.071549151665603044e+06
1392    1.071515536724675447e+06
1393    1.071037384974676650e+06
1394    1.070419821659120033e+06
1395    1.069652407675388735e+06
1396    1.068997226713876938e+06
1397    1.068430508940463886e+06
1398    1.067877054863499245e+06
1399    1.067428093903374858e+06
1400    1.067113451102446299e+06
1401    1.066772168440285372e+06
1402    1.066202248233054532e+06
1403    1.065754295351513661e+06
1404    1.065018953907873482e+06
1405    1.064494536275982391e+06
1406    1.064272007836678531e+06
1407    1.064186646222900134e+06
1408    1.063984718628132250e+06
1409    1.063779634210796561e+06
1410    1.063250472824546276e+06
1411    1.063031125581247965e+06
1412    1.062389002722372999e+06
1413    1.061765468185179401e+06
1414    1.062037108062948333e+06
1415    1.061502488361443160e+06
1416    1.061347293545808876e+06
1417    1.060760950880659046e+06
1418    1.060635237385807326e+06
1419    1.060129051539064385e+06
1420    1.060040697001005523e+06
1421    1.059528846246137517e+06
1422    1.059370693958483636e+06
1423    1.059314151006104192e+06
1424    1.059233534711318789e+06
1425    1.059079544643791160e+06
1426    1.058900770817688899e+06
1427    1.058295941642887192e+06
1428    1.058211967178923078e+06
1429    1.058338041528369766e+06
1430    1.057751652344277827e+06
1431    1.057332063701958163e+06
1432    1.057221724047083408e+06
1433    1.056630871040038532e+06
1434    1.056307531090556178e+06
1435    1.055864892173439031e+06
1436    1.055828715640993323e+06
1437    1.055204595607060706e+06
1438    1.054698027804453159e+06
1439    1.054082108624000335e+06
1440    1.054100552556073293e+06
1441    1.054012739232667256e+06
1442    1.053827489843524760e+06
1443    1.053391817824508995e+06
1444    1.052783905814789468e+06
1445    1.052359754040782340e+06
1446    1.051785442183481762e+06
1447    1.051596321123355534e+06
1448    1.051440464094419498e+06
1449    1.051006508978655562e+06
1450    1.050645160737856058e+06
1451    1.050708642546617426e+06
1452    1.049984952889987966e+06
1453    1.049530501364041585e+06
1454    1.049743725690177176e+06
1455    1.049474296078912914e+06
1456    1.049945732423022622e+06
1457    1.049263237272401573e+06
1458    1.049526814225051785e+06
1459    1.049316531097541796e+06
1460    1.049108623209099052e+06
1461    1.048455625840190449e+06
1462    1.047738411009447183e+06
1463    1.047119035061076400e+06
1464    1.047247643385667005e+06
1465    1.047077545188241638e+06
1466    1.046933249290763284e+06
1467    1.046727654100515880e+06
1468    1.046492945183885051e+06
1469    1.045912030978810042e+06
1470    1.045983534552504309e+06
1471    1.045597089718175936e+06
1472    1.045155719831585884e+06
1473    1.044818588869462023e+06
1474    1.044187026986281155e+06
1475    1.044312191648302833e+06
1476    1.043673597228461178e+06
1477    1.043229663646363188e+06
1478    1.042721798406373244e+06
1479    1.042625297653535148e+06
1480    1.042024753352296422e+06
1481    1.041669678120968631e+06
1482    1.041204577015886316e+06
1483    1.040644761130357394e+06
1484    1.040487705607497715e+06
1485    1.039865090243169921e+06
1486    1.039395261410968029e+06
1487    1.038762087493039784e+06
1488    1.038946190155382967e+06
1489    1.039116203514767578e+06
1490    1.038957566508309450e+06
1491    1.038630937346315244e+06
1492    1.038609203005854972e+06
1493    1.038061066069263266e+06
1494    1.037863259092782973e+06
1495    1.037333481851565884e+06
1496    1.036862536608517403e+06
1497    1.036709164935607696e+06
1498    1.036145547512048855e+06
1499    1.035454259270091541e+06
1500    1.035114169323404785e+06
1501    1.034424494961010059e+06
1502    1.033735736301916069e+06
1503    1.033101250184256700e+06
1504    1.032577448415679508e+06
1505    1.031971890671775094e+06
1506    1.031636867116000620e+06
1507    1.031033034706223640e+06
1508    1.030389629694890231e+06
1509    1.029706734431343852e+06
1510    1.029495148213297362e+06
1511    1.029541419469441404e+06
1512    1.029247558204068104e+06
1513    1.029090362769825850e+06
1514    1.028949600398584036e+06
1515    1.028383560265867971e+06
1516    1.027947466347362148e+06
1517    1.028135220047441660e+06
1518    1.027683575550638954e+06
1519    1.027572281434142613e+06
1520    1.026966048738523037e+06
1521    1.026651978583752643e+06
1522    1.026202248974887654e+06
1523    1.025528401935736765e+06
1524    1.024919724996350356e+06
1525    1.024641822163148900e+06
1526    1.024038522164213820e+06
1527    1.023625420574844349e+06
1528    1.023105286884069326e+06
1529    1.022594466451880406e+06
1530    1.022348695142127108e+06
1531    1.021861676806992618e+06
1532    1.021347424203651841e+06
1533    1.020901049008174217e+06
1534    1.020558850154896383e+06
1535    1.020501282304834342e+06
1536    1.019957593139884062e+06
1537    1.019340961996014579e+06
1538    1.018678162254939438e+06
1539    1.018148737086338690e+06
1540    1.017680871093647787e+06
1541    1.017428864564927062e+06
1542    1.017006349004275864e+06
1543    1.016544151291153394e+06
1544    1.016044040699864738e+06
1545    1.015518356961701997e+06
1546    1.015018607481037732e+06
1547    1.015314124103742419e+06
1548    1.014658181529927417e+06
1549    1.014306095665531815e+06
1550    1.013719697459172457e+06
1551    1.013361332225141465e+06
1552    1.012776322527216165e+06
1553    1.012251822402574122e+06
1554    1.011737514327234472e+06
1555    1.011377719735939521e+06
1556    1.010840471090585226e+06
1557    1.010533388674506918e+06
1558    1.010579655545537942e+06
1559    1.010057585331577226e+06
1560    1.009660693711686181e+06
1561    1.009158097343662870e+06
1562    1.008932773327836534e+06
1563    1.008385762793954113e+06
1564    1.007878436527523911e+06
1565    1.007276583132632775e+06
1566    1.007156565208482789e+06
1567    1.006685279242083663e+06
1568    1.006272643003838370e+06
1569    1.006225895809959969e+06
1570    1.006295860832869774e+06
1571    1.005799330048078788e+06
1572    1.005317378066519275e+06
1573    1.005413980963423499e+06
1574    1.004799600945887505e+06
1575    1.004462432469347375e+06
1576    1.004067623900562758e+06
1577    1.003824855452662217e+06
1578    1.003289211399796302e+06
1579    1.003046757963407668e+06
1580    1.002531036499675829e+06
1581    1.002157458847566159e+06
1582    1.001845063430555165e+06
1583    1.001788968540915172e+06
1584    1.001309385080106207e+06
1585    1.000830399381156429e+06
1586    1.000324933459039778e+06
1587    9.999579047531426186e+05
1588    9.996466617047467735e+05
1589    9.996982629166649422e+05
1590    9.992797190653450089e+05
1591    9.989541954904752783e+05
1592    9.990388520223273663e+05
1593    9.984116199878122425e+05
1594    9.983731952610990265e+05
1595    9.978656594815957360e+05
1596    9.983492961721393513e+05
1597    9.982166326942510204e+05
1598    9.977754633511367720e+05
1599    9.979738414539108053e+05
1600    9.974353743419595994e+05
1601    9.975031351395231904e+05
1602    9.978892135651167482e+05
1603    9.976442179564499529e+05
1604    9.971215242116252193e+05
1605    9.971391785393886967e+05
1606    9.965770106247401563e+05
1607    9.959567927434109151e+05
1608    9.954015901291259797e+05
1609    9.949057541491762968e+05
1610    9.943298154045076808e+05
1611    9.938110709554880159e+05
1612    9.935303110701398691e+05
1613    9.930378241952649551e+05
1614    9.926383226131087868e+05
1615    9.921626248155357316e+05
1616    9.917613769873267738e+05
1617    9.915293495780315716e+05
1618    9.912133739478075877e+05
1619    9.907748732070899568e+05
1620    9.902621095278068678e+05
1621    9.897090875767210964e+05
1622    9.895505886747713666e+05
1623    9.892473335169514176e+05
1624    9.891566971403401112e+05
1625    9.885479003782276995e+05
1626    9.883124176546320086e+05
1627    9.879224218461655546e+05
1628    9.878236743155125296e+05
1629    9.872171910655534593e+05
1630    9.869186175801787758e+05
1631    9.865971185698782792e+05
1632    9.865150893647772027e+05
1633    9.860928853788209381e+05
1634    9.856879661397219170e+05
1635    9.854805992747443961e+05
1636    9.849211819830982713e+05
1637    9.846702142682821723e+05
1638    9.846371896478950512e+05
1639    9.845424869963388192e+05
1640    9.841624898322609952e+05
1641    9.835626843040259555e+05
1642    9.833260345998893026e+05
1643    9.828613110962514766e+05
1644    9.823987017023961525e+05
1645    9.819350194250738714e+05
1646    9.815785870646990370e+05
1647    9.809825251445497852e+05
1648    9.809165949000900146e+05
1649    9.807230240400579059e+05
1650    9.803558479283626657e+05
1651    9.800714496662199963e+05
1652    9.797196630042887991e+05
1653    9.793505001072009327e+05
1654    9.787583193441304611e+05
1655    9.781668569330647588e+05
1656    9.778243513988860650e+05
1657    9.773213005702428054e+05
1658    9.769476732818683377e+05
1659    9.763587362231019652e+05
1660    9.757705087988509331e+05
1661    9.755002004793629749e+05
1662    9.752390060606591869e+05
1663    9.748797022345047444e+05
1664    9.744985724341652822e+05
1665    9.739899208542242413e+05
1666    9.736810531406595837e+05
1667    9.731619388342864113e+05
1668    9.726853774454145459e+05
1669    9.721648393153354991e+05
1670    9.715826362667261856e+05
1671    9.713950460590102011e+05
1672    9.719576126741091721e+05
1673    9.717722927913921885e+05
1674    9.711917214555966202e+05
1675    9.706586357196819736e+05
1676    9.706660694626155309e+05
1677    9.700872064545897301e+05
1678    9.695090322538444307e+05
1679    9.690660486882039113e+05
1680    9.686760281477984972e+05
1681    9.684276437519585015e+05
1682    9.679673029121141881e+05
1683    9.674788852904917439e+05
1684    9.669043166391882114e+05
1685    9.663304288207929349e+05
1686    9.661929289240523940e+05
1687    9.658004710075862240e+05
1688    9.653737104669010732e+05
1689    9.651270537550790468e+05
1690    9.645559472531244392e+05
1691    9.640427490528539056e+05
1692    9.635419096392772626e+05
1693    9.633315923081578221e+05
1694    9.629602329621664248e+05
1695    9.627971422424155753e+05
1696    9.626005811007524608e+05
1697    9.621179069503007922e+05
1698    9.615512691554320045e+05
1699    9.609852934282824863e+05
1700    9.604199797092202352e+05
1701    9.598553277964385925e+05
1702    9.593492105404976755e+05
1703    9.588732425486318534e+05
1704    9.583812915684857871e+05
1705    9.579264360044121277e+05
1706    9.574536428924725624e+05
1707    9.569633845560223563e+05
1708    9.564737025456341216e+05
1709    9.559139896984462393e+05
1710    9.553549305719068507e+05
1711    9.551614866463544313e+05
1712    9.546974816600573249e+05
1713    9.544117388214485254e+05
1714    9.539256000393686118e+05
1715    9.534372897417544154e+05
1716    9.528986075092521496e+05
1717    9.523605454420227325e+05
1718    9.518468991714883596e+05
1719    9.512931189641068922e+05
1720    9.509633722864923766e+05
1721    9.504107490950496867e+05
1722    9.499471695756401168e+05
1723    9.497263617268635426e+05
1724    9.492488527230127947e+05
1725    9.489980711955726147e+05
1726    9.488218492428902537e+05
1727    9.483844149259341648e+05
1728    9.478355356994341128e+05
1729    9.475946873338184087e+05
1730    9.472985219041998498e+05
1731    9.467890487586699892e+05
1732    9.464165486758763436e+05
1733    9.460487379822703078e+05
1734    9.455125233150095446e+05
1735    9.452158227615916403e+05
1736    9.446909788963355822e+05
1737    9.441470617796941660e+05
1738    9.436037711269299034e+05
1739    9.431199266295252601e+05
1740    9.426091211392154219e+05
1741    9.421955723898190772e+05
1742    9.416546406093240948e+05
1743    9.412030069840601645e+05
1744    9.408354169577219291e+05
1745    9.405328581246068934e+05
1746    9.400079333799680462e+05
1747    9.395709341916781850e+05
1748    9.390700856489161961e+05
1749    9.386009522969765821e+05
1750    9.386865432710185414e+05
1751    9.383188404712639749e+05
1752    9.379490941064780345e+05
1753    9.376483122293360066e+05
1754    9.372623638872536831e+05
1755    9.371157393032291438e+05
1756    9.369719656584857730e+05
1757    9.365319809573640814e+05
1758    9.361970032535612117e+05
1759    9.356647261238320498e+05
1760    9.353284981666387757e+05
1761    9.348892149855586467e+05
1762    9.345389135311822174e+05
1763    9.341788438975936733e+05
1764    9.336492047647410072e+05
1765    9.333091582897105254e+05
1766    9.327806044661309570e+05
1767    9.326456884531376418e+05
1768    9.322647854894782649e+05
1769    9.318942738480605185e+05
1770    9.319493844053955982e+05
1771    9.315094697147528641e+05
1772    9.312113757620054530e+05
1773    9.308356095311504323e+05
1774    9.303108549645303283e+05
1775    9.298160100977611728e+05
1776    9.294276634211250348e+05
1777    9.289162456731220009e+05
1778    9.284357863157321699e+05
1779    9.279773423375373241e+05
1780    9.274835224476145813e+05
1781    9.269934543237157632e+05
1782    9.264816258138713893e+05
1783    9.259747237816898851e+05
1784    9.256115681093044113e+05
1785    9.254923319001586642e+05
1786    9.254686650730856927e+05
1787    9.250369093184611993e+05
1788    9.247330894533345709e+05
1789    9.242526498428338673e+05
1790    9.240539582763575017e+05
1791    9.235688437757820357e+05
1792    9.231764351224666461e+05
1793    9.229509877356236102e+05
1794    9.231334784134913934e+05
1795    9.228100768325631507e+05
1796    9.224776669639796019e+05
1797    9.221528929993527709e+05
1798    9.216777057254851097e+05
1799    9.215002665530582890e+05
1800    9.211222990275062621e+05
1801    9.206718166562941624e+05
1802    9.203557190047620097e+05
1803    9.199599880946612684e+05
1804    9.194499892064360902e+05
1805    9.193750134908736218e+05
1806    9.189507831932599656e+05
1807    9.185244558760180371e+05
1808    9.181704220762655605e+05
1809    9.179097858463688754e+05
1810    9.174604142286235001e+05
1811    9.171539251733678393e+05
1812    9.168466837777082110e+05
1813    9.165828194911032915e+05
1814    9.161246368430446601e+05
1815    9.158464979632291943e+05
1816    9.157981382040010067e+05
1817    9.154476345369021874e+05
1818    9.152070687596570933e+05
1819    9.149430469320986886e+05
1820    9.145203108666889602e+05
1821    9.145206503461442189e+05
1822    9.144057879189911764e+05
1823    9.139584427278429503e+05
1824    9.136623668495970778e+05
1825    9.134511108461917611e+05
1826    9.130637245349893346e+05
1827    9.128108640088889515e+05
1828    9.123800714304990834e+05
1829    9.123933163006880786e+05
1830    9.120526708142881980e+05
1831    9.117361985830018530e+05
1832    9.114219849339987850e+05
1833    9.109247343362973770e+05
1834    9.104280282994405134e+05
1835    9.100234115965688834e+05
1836    9.095277285165436333e+05
1837    9.091049403428270016e+05
1838    9.086974759515452897e+05
1839    9.082422699919356965e+05
1840    9.078035438628285192e+05
1841    9.073279694887086516e+05
1842    9.069665964518567780e+05
1843    9.067502590000835480e+05
1844    9.064194544455851428e+05
1845    9.062498285355847329e+05
1846    9.057588731508571655e+05
1847    9.053369523454545997e+05
1848    9.048470258709663758e+05
1849    9.047640659190237056e+05
1850    9.044612418679133989e+05
1851    9.039725751433279365e+05
1852    9.037320472299401881e+05
1853    9.034902543953503482e+05
1854    9.030947162470623152e+05
1855    9.026771367842119653e+05
1856    9.023325514314913889e+05
1857    9.018915008879007073e+05
1858    9.014713330912318779e+05
1859    9.010307283478385070e+05
1860    9.006906312389195664e+05
1861    9.003901101182638668e+05
1862    8.999065145876700990e+05
1863    8.996399787923158146e+05
1864    8.991573057247844990e+05
1865    8.988205377841852605e+05
1866    8.984989274906641804e+05
1867    8.981396876129411394e+05
1868    8.978170064791348996e+05
1869    8.974204196180653526e+05
1870    8.971413660778412595e+05
1871    8.967784546007071622e+05
1872    8.964548591238656081e+05
1873    8.961032752824671334e+05
1874    8.956813958112451946e+05
1875    8.953314249242246151e+05
1876    8.951083728882457362e+05
1877    8.946314406626884593e+05
1878    8.942252098670629784e+05
1879    8.938505119299149374e+05
1880    8.936575265384796076e+05
1881    8.932545910358709516e+05
1882    8.928102008614897495e+05
1883    8.924419404344088398e+05
1884    8.922950950997744221e+05
1885    8.919303850912601920e+05
1886    8.914574095009276643e+05
1887    8.910657034143327037e+05
1888    8.907385139131314354e+05
1889    8.904371858966128202e+05
1890    8.900416512969335308e+05
1891    8.896735614553374471e+05
1892    8.893613769338075072e+05
1893    8.890491886710959952e+05
1894    8.887437561441237340e+05
1895    8.882747200474586571e+05
1896    8.878261455867349869e+05
1897    8.873580870067958022e+05
1898    8.870975712486775592e+05
1899    8.866702616637941683e+05
1900    8.863628675821751822e+05
1901    8.859777214033120545e+05
1902    8.856273643215261400e+05
1903    8.851944061270435341e+05
1904    8.848852451059339801e+05
1905    8.844597154472429538e+05
1906    8.840106538774792571e+05
1907    8.835850768483872525e+05
1908    8.832361570375791052e+05
1909    8.828516133357473882e+05
1910    8.823893366551814834e+05
1911    8.819799642118130578e+05
1912    8.815186273039531661e+05
1913    8.811167686088074697e+05
1914    8.807059453750895336e+05
1915    8.803133719395872904e+05
1916    8.799139833396164468e+05
1917    8.795479741587588796e+05
1918    8.790893435697238892e+05
1919    8.787676718800300732e+05
1920    8.783099234311601613e+05
1921    8.780538688538194401e+05
1922    8.775969682179944357e+05
1923    8.771463417865948286e+05
1924    8.768958993809103267e+05
1925    8.764785191879274789e+05
1926    8.760233883647485636e+05
1927    8.755965579699355876e+05
1928    8.753421046259400900e+05
1929    8.749699223849609261e+05
1930    8.745319567591276718e+05
1931    8.743110844924554694e+05
1932    8.739345120336677646e+05
1933    8.735011655664569698e+05
1934    8.730995968930477975e+05
1935    8.727949710468573030e+05
1936    8.724951197996775154e+05
1937    8.721326175798280165e+05
1938    8.718157590484143002e+05
1939    8.713660939958923263e+05
1940    8.710399739241480129e+05
1941    8.706422928848901065e+05
1942    8.702393272539936006e+05
1943    8.700185144765372388e+05
1944    8.696224547375576803e+05
1945    8.692427974422194529e+05
1946    8.689984643081135582e+05
1947    8.686532697138939984e+05
1948    8.682193285845477367e+05
1949    8.677738149158060551e+05
1950    8.673911141331291292e+05
1951    8.669912787316500908e+05
1952    8.666523227637972450e+05
1953    8.662498083650734043e+05
1954    8.658789336614874192e+05
1955    8.654807409797417931e+05
1956    8.652618970962079475e+05
1957    8.649507332152279560e+05
1958    8.645470977761397371e+05
1959    8.641408764319284819e+05
1960    8.638377231494254665e+05
1961    8.635033644962478429e+05
1962    8.631050092051504180e+05
1963    8.627207444356823107e+05
1964    8.623543844091275241e+05
1965    8.619385434304912342e+05
1966    8.616934477772042155e+05
1967    8.613621724047256866e+05
1968    8.610317826079381630e+05
1969    8.606402873372954782e+05
1970    8.602398740292688599e+05
1971    8.598677229404436657e+05
1972    8.594316366913614329e+05
1973    8.591361144805040676e+05
1974    8.587073283401823137e+05
1975    8.583309571438815910e+05
1976    8.579543430417206837e+05
1977    8.575470122187064262e+05
1978    8.574599150071538752e+05
1979    8.570968915343856206e+05
1980    8.567051933482489549e+05
1981    8.563239098011273891e+05
1982    8.559896912962499773e+05
1983    8.557080238948699553e+05
1984    8.553446494545846945e+05
1985    8.549741821309874067e+05
1986    8.548337202295620227e+05
1987    8.544034633874254068e+05
1988    8.540405676969423657e+05
1989    8.538509865450002253e+05
1990    8.534976539869675180e+05
1991    8.530929439923963510e+05
1992    8.528355741878324188e+05
1993    8.526897194942997303e+05
1994    8.523614430676492630e+05
1995    8.523790590249700472e+05
1996    8.520234235713211820e+05
1997    8.519493092230876209e+05
1998    8.518283326610610820e+05
1999    8.514021541486984352e+05
2000    8.511227338105814997e+05
