1       0.000000000000000000e+00
2       0.000000000000000000e+00
3       0.000000000000000000e+00
4       0.000000000000000000e+00
5       0.000000000000000000e+00
6       0.000000000000000000e+00
7       0.000000000000000000e+00
8       0.000000000000000000e+00
9       0.000000000000000000e+00
10      0.000000000000000000e+00
11      0.000000000000000000e+00
12      0.000000000000000000e+00
13      0.000000000000000000e+00
14      0.000000000000000000e+00
15      0.000000000000000000e+00
16      0.000000000000000000e+00
17      0.000000000000000000e+00
18      0.000000000000000000e+00
19      0.000000000000000000e+00
20      0.000000000000000000e+00
21      1.456928942426719036e-06
22      4.543273662383992290e-04
23      7.275318905758372621e-04
24      9.850222718114790346e-04
25      1.125301966401524335e-03
26      3.988662774943385961e-03
27      3.840934524019654767e-03
28      5.287520671607096739e-03
29      9.164410056410984828e-03
30      1.406417829378508837e-02
31      1.784780572602148035e-02
32      2.146497698249746552e-02
33      2.783737958485663425e-02
34      3.211593119979613137e-02
35      3.476810373018174305e-02
36      3.727578815288673519e-02
37      3.626833441902417576e-02
38      4.843159713900966473e-02
39      7.160738133804303573e-02
40      8.231066646042303758e-02
41      1.513846040888089939e-01
42      2.368643380360694883e-01
43      5.578384502812557821e-01
44      6.986922472799115269e-01
45      7.898296957998444112e-01
46      1.039250456426575431e+00
47      2.032135030055572056e+00
48      2.833690424891133208e+00
49      3.041462781364627332e+00
50      3.853845266125969893e+00
51      4.897564496188060446e+00
52      5.100962205555870099e+00
53      5.212963031589029406e+00
54      5.357834141247084681e+00
55      5.338315374802713897e+00
56      8.015778989028081725e+00
57      9.237264938769317979e+00
58      2.017124855114360926e+01
59      2.630570752877602558e+01
60      3.715210789443906947e+01
61      4.253773238811071877e+01
62      4.491621307579156053e+01
63      7.147750488796266666e+01
64      8.609372114975890611e+01
65      1.237913491616925654e+02
66      1.357142623779701296e+02
67      1.521553842354995822e+02
68      2.094352896773253008e+02
69      2.612017069150309680e+02
70      2.757982611785915310e+02
71      3.481819169390584534e+02
72      4.014206086506889619e+02
73      4.651520846659115591e+02
74      5.108258003100521023e+02
75      5.221356659554413682e+02
76      6.325291267158169148e+02
77      7.120190277703513857e+02
78      7.724713397968228037e+02
79      7.741196004865737450e+02
80      8.177975334999301822e+02
81      9.030943256290173622e+02
82      9.662303010640272305e+02
83      9.912564100166058552e+02
84      1.034955069167690681e+03
85      1.070600774607222775e+03
86      1.108814298890399186e+03
87      1.096069312943402338e+03
88      1.152870042860032527e+03
89      1.169954941600943130e+03
90      1.180431027149831607e+03
91      1.257727188608141660e+03
92      1.244056241638126266e+03
93      1.345152943857226774e+03
94      1.403201632427125105e+03
95      1.564706423752651745e+03
96      1.799672281298157031e+03
97      2.006291981195238577e+03
98      2.235221285952929520e+03
99      2.356661888702495617e+03
100     2.403558487096492627e+03
101     2.594172396484710134e+03
102     2.715154262237961120e+03
103     2.993916747830616259e+03
104     3.149405508250307321e+03
105     3.288631385343447164e+03
106     3.445555338787998153e+03
107     3.413353895634118999e+03
108     3.425924885452606304e+03
109     3.447567558029439169e+03
110     3.480343478343911102e+03
111     3.621224920506898798e+03
112     3.641903938121139163e+03
113     3.676278519435802991e+03
114     3.827805653816085851e+03
115     3.876926786881097087e+03
116     4.120097340000350414e+03
117     4.473149909982161262e+03
118     4.442087227670182074e+03
119     4.479023886425419732e+03
120     4.609155264624784650e+03
121     4.866571072671529691e+03
122     4.931254951756043738e+03
123     5.132343633708936068e+03
124     5.374619033932896855e+03
125     5.467796969609567896e+03
126     5.614112816944060796e+03
127     5.671805942670398508e+03
128     5.804430956435438929e+03
129     5.816709918381930947e+03
130     5.857221165083896267e+03
131     5.947283536891449330e+03
132     5.939324132768452728e+03
133     6.030900782842188164e+03
134     6.097086949867250041e+03
135     6.173358927742760898e+03
136     6.264226367197467880e+03
137     6.318103446538798380e+03
138     6.351470839574105412e+03
139     6.373082406802125661e+03
140     6.338199364131392031e+03
141     6.314527391396937674e+03
142     6.270058874390201709e+03
143     6.341088078151027730e+03
144     6.297052739337245839e+03
145     6.312408869771065838e+03
146     6.302141324295676895e+03
147     6.474025752520646165e+03
148     6.620483704064612539e+03
149     6.597295881842836025e+03
150     6.679498309130318376e+03
151     6.700731484284413455e+03
152     6.780386325340457006e+03
153     6.770267651264604865e+03
154     6.773442214808951576e+03
155     6.862876365467243886e+03
156     6.891308004283590890e+03
157     6.891126471952757129e+03
158     6.893483175213165850e+03
159     6.887077065636871339e+03
160     7.286662002707186730e+03
161     7.270521983213998283e+03
162     7.302570464427330990e+03
163     7.282413578037844673e+03
164     7.406048865398164708e+03
165     7.361163877542939190e+03
166     7.350945154655606530e+03
167     7.480704009824484274e+03
168     7.622158973534290453e+03
169     7.894607948643875716e+03
170     8.028085638064873820e+03
171     8.046436742408057398e+03
172     8.163425119330573580e+03
173     8.150369334508764041e+03
174     8.286375817786602056e+03
175     8.398733257388183119e+03
176     8.431862095974356635e+03
177     8.548678723559483842e+03
178     8.535271854488000827e+03
179     8.711928056036611451e+03
180     8.685457720322519890e+03
181     8.637471846758126048e+03
182     8.614396371309465394e+03
183     8.770149605101387351e+03
184     8.843403100710158469e+03
185     8.825722336200969949e+03
186     8.879543433239772639e+03
187     8.930472589989944026e+03
188     9.105614051434007706e+03
189     9.177403408337708242e+03
190     9.233322827082558433e+03
191     9.282646031694966950e+03
192     9.275643395796636469e+03
193     9.227583091754775523e+03
194     9.371185564338482436e+03
195     9.528910990686037621e+03
196     9.616317195841789726e+03
197     9.729444900128553854e+03
198     9.707811837267421652e+03
199     9.887233043797124992e+03
200     1.010835812033763432e+04
201     1.019083634260651706e+04
202     1.016488905373736998e+04
203     1.012023383585104057e+04
204     1.041982006981808081e+04
205     1.044885266925161523e+04
206     1.043408597687241672e+04
207     1.041314857763841246e+04
208     1.063579892289584132e+04
209     1.068737836956925457e+04
210     1.084736186243516568e+04
211     1.090255324519688656e+04
212     1.097828031968608229e+04
213     1.102104123323231397e+04
214     1.101282859723404908e+04
215     1.100469231711355314e+04
216     1.116694549181243019e+04
217     1.113682944772496921e+04
218     1.110533545166901058e+04
219     1.121029028851890143e+04
220     1.124879835638879740e+04
221     1.126300086344827105e+04
222     1.140561172908771368e+04
223     1.150025637999809805e+04
224     1.155962457443761923e+04
225     1.160599018044152763e+04
226     1.156408857908256323e+04
227     1.152151994502673006e+04
228     1.157753100431371604e+04
229     1.161903414938736387e+04
230     1.181970779856426998e+04
231     1.182625405644831335e+04
232     1.177527885905802395e+04
233     1.181446185027127285e+04
234     1.183636524752953119e+04
235     1.193788961451745490e+04
236     1.197084759977195426e+04
237     1.196857990585518928e+04
238     1.193530138698155133e+04
239     1.192014064446084194e+04
240     1.202711974013133113e+04
241     1.197721471807811031e+04
242     1.200176931412092017e+04
243     1.199022903714083805e+04
244     1.205317742025187908e+04
245     1.217938932857659165e+04
246     1.217284308238733865e+04
247     1.218261223095257810e+04
248     1.220329085145587669e+04
249     1.223666340664698873e+04
250     1.221497895509293267e+04
251     1.219873875592971490e+04
252     1.227847023390214781e+04
253     1.238841758203705831e+04
254     1.253877013100303520e+04
255     1.254394817916591819e+04
256     1.267804959262238663e+04
257     1.264964929586104154e+04
258     1.269864002232420353e+04
259     1.269026641153735000e+04
260     1.273448299419983232e+04
261     1.268740942525162791e+04
262     1.263898424456127941e+04
263     1.259092729837409206e+04
264     1.260517016673649414e+04
265     1.270439056756603350e+04
266     1.271951858301460925e+04
267     1.279448937006588494e+04
268     1.279609610821350179e+04
269     1.280032739904662594e+04
270     1.287201425843819197e+04
271     1.297283013082077741e+04
272     1.300541894754853456e+04
273     1.296788767123824982e+04
274     1.297408455121111183e+04
275     1.301228133294033069e+04
276     1.302660191963234138e+04
277     1.297957449053311757e+04
278     1.295658702894899216e+04
279     1.297069966193933942e+04
280     1.303302775102724809e+04
281     1.317583281493978939e+04
282     1.320214067609968697e+04
283     1.322347556007453022e+04
284     1.318208878020097836e+04
285     1.315190508799691088e+04
286     1.311165532741683091e+04
287     1.306733054779156555e+04
288     1.303748147861796679e+04
289     1.304581491895106046e+04
290     1.306688275603445618e+04
291     1.306102769773954969e+04
292     1.310132614878238383e+04
293     1.308860505378804555e+04
294     1.316262124911597857e+04
295     1.315041453278848712e+04
296     1.310598755183673347e+04
297     1.314021783228490676e+04
298     1.311001810677690628e+04
299     1.310056153672983419e+04
300     1.315734679041643358e+04
301     1.311363479057084260e+04
302     1.313170296586359109e+04
303     1.310553882914672431e+04
304     1.306242861663111580e+04
305     1.307923416198500126e+04
306     1.305611072258870263e+04
307     1.301358280280282997e+04
308     1.305807404704864166e+04
309     1.302340017031932621e+04
310     1.298138923194496419e+04
311     1.301603421104755944e+04
312     1.297431623375673371e+04
313     1.298738247713480268e+04
314     1.297441496518629538e+04
315     1.294402020742306740e+04
316     1.291007217137427142e+04
317     1.294701252446463332e+04
318     1.297347469009631277e+04
319     1.297058691293837001e+04
320     1.304203566856696671e+04
321     1.303419188111578296e+04
322     1.315046745088378520e+04
323     1.314570180192389125e+04
324     1.318955181655437082e+04
325     1.314896860637358077e+04
326     1.315675520395331478e+04
327     1.315206930416770774e+04
328     1.311197153452910607e+04
329     1.307211748748763966e+04
330     1.305202652527704959e+04
331     1.305888937445081137e+04
332     1.303388869433575564e+04
333     1.301663654124535788e+04
334     1.298079036243017799e+04
335     1.298750963179929204e+04
336     1.295880843077176905e+04
337     1.299135204186422561e+04
338     1.295291605070413425e+04
339     1.293562180960426667e+04
340     1.292954955589387464e+04
341     1.291604371394825284e+04
342     1.297279451521727606e+04
343     1.309079073552934824e+04
344     1.305273609945618591e+04
345     1.304007452934990943e+04
346     1.315613132770081211e+04
347     1.325020591683202474e+04
348     1.325126776844133929e+04
349     1.321329850958437964e+04
350     1.321199146969782851e+04
351     1.327560760009755904e+04
352     1.336434456079373194e+04
353     1.351281863762737339e+04
354     1.351993716237668559e+04
355     1.358781658403890287e+04
356     1.373624570755509558e+04
357     1.388808880354772191e+04
358     1.415849846999092370e+04
359     1.427457809399835969e+04
360     1.427897522614252011e+04
361     1.430416956457418019e+04
362     1.429478188105637855e+04
363     1.449314218562900896e+04
364     1.453369802574671849e+04
365     1.449387965630263898e+04
366     1.469940487258312714e+04
367     1.500002743929534518e+04
368     1.509440650865815405e+04
369     1.524593580620749162e+04
370     1.545855162911270963e+04
371     1.550889908993957215e+04
372     1.581602483501785900e+04
373     1.613674448441944151e+04
374     1.626337263423019249e+04
375     1.650990943067059197e+04
376     1.669581656610789651e+04
377     1.668762814888130379e+04
378     1.722822573413846112e+04
379     1.800227444785992338e+04
380     1.866851175703355329e+04
381     1.897233191777872344e+04
382     1.931476380728177537e+04
383     1.943855964347924601e+04
384     1.943530377268458324e+04
385     1.972504388986753111e+04
386     1.967394362975734839e+04
387     2.083312799845714471e+04
388     2.111755175818419957e+04
389     2.153067345244090757e+04
390     2.168017506488563595e+04
391     2.193258387228965512e+04
392     2.187663408946315758e+04
393     2.215884810419057976e+04
394     2.278383565978636398e+04
395     2.321117084613621773e+04
396     2.340807456541802094e+04
397     2.366874311318705804e+04
398     2.389432375859304375e+04
399     2.434344893715872240e+04
400     2.444498030937565272e+04
401     2.518068268894487119e+04
402     2.526726170436950633e+04
403     2.556654362015352672e+04
404     2.589326559395296863e+04
405     2.640436850074727772e+04
406     2.642021839859897591e+04
407     2.643770018214912852e+04
408     2.645339068958341159e+04
409     2.644739502069803348e+04
410     2.691514383487490704e+04
411     2.688751888795630293e+04
412     2.694620394498192400e+04
413     2.735308858651990158e+04
414     2.758846997085125622e+04
415     2.769089187643071273e+04
416     2.781753789241858613e+04
417     2.830566126480324965e+04
418     2.828452451358134931e+04
419     2.848624020124777599e+04
420     2.850072079986570316e+04
421     2.852188227568868388e+04
422     2.859050922137052112e+04
423     2.887858925134567471e+04
424     2.885714901751139041e+04
425     2.892008437785490241e+04
426     2.887424348586268025e+04
427     2.893731934994936091e+04
428     2.916529717852281101e+04
429     2.909731273625340691e+04
430     2.932890378400454210e+04
431     2.995293333823505600e+04
432     3.050522976204427323e+04
433     3.123396792501543314e+04
434     3.160960437593797906e+04
435     3.167131442547967890e+04
436     3.195575726015795226e+04
437     3.236671825964958407e+04
438     3.243192304163931476e+04
439     3.245154363480847678e+04
440     3.251769928007545968e+04
441     3.244396379749819607e+04
442     3.249344654804552556e+04
443     3.284507784965143219e+04
444     3.297277383283687959e+04
445     3.308589514430733107e+04
446     3.301171251545894484e+04
447     3.400988733204120945e+04
448     3.465470346332373447e+04
449     3.467584737137742195e+04
450     3.478730583787716751e+04
451     3.479409786936152523e+04
452     3.481559316503792797e+04
453     3.519647082961200067e+04
454     3.554746451857540524e+04
455     3.567137646669706010e+04
456     3.595521740916145063e+04
457     3.611012905497536121e+04
458     3.608921996387259423e+04
459     3.660521484820847400e+04
460     3.672332743665048474e+04
461     3.700027960441242612e+04
462     3.718852015186752396e+04
463     3.777114902558753238e+04
464     3.788203218986095453e+04
465     3.823701666442383430e+04
466     3.836640184485894133e+04
467     3.857698394685714447e+04
468     3.885371917056280654e+04
469     3.910059596405552293e+04
470     3.910758041069592582e+04
471     3.902455393172583717e+04
472     3.957869219158501073e+04
473     3.961796149863090977e+04
474     3.972506117227071081e+04
475     3.964143255627034523e+04
476     3.982191687985901808e+04
477     4.028542992997213878e+04
478     4.020115362953922158e+04
479     4.011722919483621081e+04
480     4.050686470150027162e+04
481     4.052728191032825998e+04
482     4.083329724455227552e+04
483     4.086039853394920647e+04
484     4.131708240313852730e+04
485     4.178348452994930994e+04
486     4.191690389813394722e+04
487     4.198142707836709451e+04
488     4.245772566427934362e+04
489     4.274048750067058427e+04
490     4.269537940178746794e+04
491     4.305881392403296195e+04
492     4.351255088267685642e+04
493     4.351168676508769568e+04
494     4.342360905080688826e+04
495     4.381699095974280499e+04
496     4.396132053368315246e+04
497     4.452515703473447502e+04
498     4.472158894643442181e+04
499     4.529719402058537526e+04
500     4.520660473184572038e+04
501     4.511637652951868949e+04
502     4.541275779054605664e+04
503     4.584602602898507030e+04
504     4.613348077692510560e+04
505     4.604213071704282629e+04
506     4.651727239891122736e+04
507     4.645843813388288982e+04
508     4.658586891237123200e+04
509     4.696489123919361737e+04
510     4.722043563723221450e+04
511     4.738945991072276229e+04
512     4.744282528568412818e+04
513     4.744169925386519753e+04
514     4.858032476117555052e+04
515     4.848599407069775771e+04
516     4.839202887474086310e+04
517     4.835166370403585461e+04
518     4.873714230845831480e+04
519     4.872399996035944059e+04
520     4.951963801327496185e+04
521     4.985202061858602974e+04
522     5.047839680063397100e+04
523     5.229757671054132516e+04
524     5.289157687623987295e+04
525     5.279083379369225440e+04
526     5.333260282691154134e+04
527     5.323140657083781116e+04
528     5.315801566578552593e+04
529     5.339304896520699549e+04
530     5.371532173468893598e+04
531     5.431306221382877266e+04
532     5.460055735646490939e+04
533     5.510597714609766990e+04
534     5.536078032455471839e+04
535     5.538187648270650971e+04
536     5.538406525568624056e+04
537     5.596088161589200172e+04
538     5.599467508687797817e+04
539     5.626266806722067122e+04
540     5.623094901721605129e+04
541     5.623778607362614275e+04
542     5.702567629679429228e+04
543     5.809079111864635342e+04
544     5.826682197535669548e+04
545     5.852660709970310563e+04
546     5.878347786596897640e+04
547     5.900714392922361731e+04
548     5.910977936732628586e+04
549     5.927600562872707087e+04
550     5.941825980574276764e+04
551     5.931042957565711549e+04
552     5.941641599643734662e+04
553     5.940291239743820915e+04
554     5.929569905747914891e+04
555     5.918887162263311620e+04
556     5.935762413008585281e+04
557     5.992283374951632140e+04
558     6.135213499720083200e+04
559     6.127710590048370068e+04
560     6.167739008074953017e+04
561     6.173765332495761686e+04
562     6.162781005330686457e+04
563     6.152635103181851446e+04
564     6.156293877705893829e+04
565     6.145398957606458134e+04
566     6.174025663840676134e+04
567     6.169071083296978759e+04
568     6.204288465490426461e+04
569     6.208326309194563510e+04
570     6.226144903488647833e+04
571     6.252896218350983690e+04
572     6.241965729101619945e+04
573     6.243541905182109622e+04
574     6.259026510495179537e+04
575     6.248142449982505059e+04
576     6.278901511454043793e+04
577     6.268020595833890548e+04
578     6.316827917323257134e+04
579     6.397367560678142763e+04
580     6.418008175504049723e+04
581     6.426469549079817079e+04
582     6.459612285144760244e+04
583     6.453645521737157833e+04
584     6.520127872747321089e+04
585     6.536161007485139271e+04
586     6.562428033907675126e+04
587     6.600574169809346495e+04
588     6.622127878815220902e+04
589     6.633087163988048269e+04
590     6.712052876427392766e+04
591     6.726421784009775729e+04
592     6.739318384164119198e+04
593     6.774024277196367620e+04
594     6.768058190319676942e+04
595     6.776220251748114242e+04
596     6.783148526857099205e+04
597     6.785754680737829767e+04
598     6.819624517357678269e+04
599     6.808241325455745391e+04
600     6.878142999503912870e+04
601     6.908487943749173428e+04
602     6.897655734534851217e+04
603     6.905885894946775807e+04
604     6.916214897152580670e+04
605     6.915112495542205579e+04
606     6.955946728440168954e+04
607     6.968022697355235869e+04
608     6.960191053441680560e+04
609     6.956862675198291254e+04
610     6.953757503757777158e+04
611     6.956016655266695307e+04
612     6.988686523009116354e+04
613     7.000607336806638341e+04
614     6.996300674849493953e+04
615     6.992906121411253116e+04
616     6.999687904125275963e+04
617     6.988344419223449950e+04
618     6.977037545997234702e+04
619     6.980219428587009315e+04
620     7.005607248241730849e+04
621     7.030342530118179275e+04
622     7.051897092883325240e+04
623     7.063446585490665166e+04
624     7.067248964357349905e+04
625     7.071023866176282172e+04
626     7.094537868092358985e+04
627     7.089251874217118893e+04
628     7.127996443784490111e+04
629     7.165674271230665909e+04
630     7.154301875131393899e+04
631     7.146025021351609030e+04
632     7.161430766931833932e+04
633     7.179054611054831184e+04
634     7.172256507303123362e+04
635     7.227344328609999502e+04
636     7.218402015662519261e+04
637     7.241974199829767167e+04
638     7.235061603337389533e+04
639     7.233136116109690920e+04
640     7.252518579306096944e+04
641     7.246323605247665546e+04
642     7.237638795129144273e+04
643     7.226383444371527003e+04
644     7.241426520252550836e+04
645     7.253027637098182458e+04
646     7.271270387510706496e+04
647     7.271626271996124706e+04
648     7.260405173437697522e+04
649     7.249218529553026019e+04
650     7.253969687237261678e+04
651     7.263672889503563056e+04
652     7.262764695733618282e+04
653     7.298607664321546326e+04
654     7.305673944239159755e+04
655     7.365349897953581240e+04
656     7.396445015049134963e+04
657     7.462998172950190201e+04
658     7.509688880629900086e+04
659     7.498293879969400587e+04
660     7.545413906640579808e+04
661     7.577490549261178239e+04
662     7.594285607584319951e+04
663     7.590727578311221441e+04
664     7.597106504892263911e+04
665     7.590960381886313553e+04
666     7.629167031575560395e+04
667     7.680376586742476502e+04
668     7.678530654531727487e+04
669     7.667053429692715872e+04
670     7.706282029482127109e+04
671     7.701310901908713276e+04
672     7.726223833930428373e+04
673     7.736125745766737964e+04
674     7.778586331762248301e+04
675     7.772415749104662973e+04
676     7.764107247562705015e+04
677     7.808041332383613917e+04
678     7.816709901597577846e+04
679     7.808308646827205666e+04
680     7.823451596060958400e+04
681     7.837267651716040564e+04
682     7.834937385727008223e+04
683     7.823465898086114612e+04
684     7.823379924526342074e+04
685     7.811958824518266192e+04
686     7.823444998891219439e+04
687     7.820245018889194762e+04
688     7.818306768768520851e+04
689     7.820165762837885995e+04
690     7.814734881521202624e+04
691     7.829478992190879944e+04
692     7.818164522951722029e+04
693     7.833241557796047709e+04
694     7.871291990525422443e+04
695     7.895323602450217004e+04
696     7.887130646725540282e+04
697     7.875814551232381200e+04
698     7.896562495784122439e+04
699     7.907058805313876655e+04
700     7.911263281023887976e+04
701     7.924140955671953270e+04
702     7.938042648138687946e+04
703     7.936424492745108728e+04
704     7.934831799853779376e+04
705     7.962937648168767919e+04
706     7.995206520162004745e+04
707     7.994723323601672018e+04
708     8.020756949367787456e+04
709     8.020986593666925910e+04
710     8.063435801061935490e+04
711     8.117376390160789015e+04
712     8.129444682021712651e+04
713     8.129287503999735054e+04
714     8.180861828617536230e+04
715     8.172193487548257690e+04
716     8.171964064329706889e+04
717     8.160566563627551659e+04
718     8.162266364389375667e+04
719     8.150914150349005649e+04
720     8.149818149481921864e+04
721     8.159752971468570468e+04
722     8.166167222930940625e+04
723     8.169011727749212878e+04
724     8.165577279819286196e+04
725     8.163269200966788048e+04
726     8.156061270335300651e+04
727     8.158584946142586705e+04
728     8.171246847231149150e+04
729     8.171996680559354718e+04
730     8.197423486385670549e+04
731     8.209661015093371680e+04
732     8.235084223662257136e+04
733     8.228722221356978116e+04
734     8.218307452790312527e+04
735     8.222018518175877398e+04
736     8.217811143985624949e+04
737     8.208332973324992054e+04
738     8.219467923885758501e+04
739     8.232674600352381822e+04
740     8.231146375611776602e+04
741     8.220038247826673614e+04
742     8.221416193263106106e+04
743     8.210350958011668990e+04
744     8.226120125863293651e+04
745     8.231354677231475944e+04
746     8.228607256326364586e+04
747     8.246259082767642394e+04
748     8.271052019269335142e+04
749     8.260009139350077021e+04
750     8.266360416563310719e+04
751     8.259090745440687169e+04
752     8.251026366086186317e+04
753     8.240068579104282253e+04
754     8.232301158444887551e+04
755     8.229943672826734837e+04
756     8.240375441964344645e+04
757     8.232871359608214698e+04
758     8.250434409356239485e+04
759     8.247989043109852355e+04
760     8.244017757617210736e+04
761     8.241491584805901221e+04
762     8.240934989266762568e+04
763     8.246102327185518516e+04
764     8.256816653889820736e+04
765     8.250675135662345565e+04
766     8.252530414365077741e+04
767     8.241770642754249275e+04
768     8.236560740854032338e+04
769     8.227141620752299787e+04
770     8.233351825862926489e+04
771     8.244520842141305911e+04
772     8.236080512792672380e+04
773     8.231344391283870209e+04
774     8.236067434755792783e+04
775     8.242221335393332993e+04
776     8.237966007697740861e+04
777     8.227363562497693056e+04
778     8.227665243191200716e+04
779     8.217103241041194997e+04
780     8.220214193298347527e+04
781     8.212095932929226547e+04
782     8.206136578549434489e+04
783     8.195656040144430881e+04
784     8.196562013543519424e+04
785     8.201632646736003517e+04
786     8.201868542370837531e+04
787     8.220730678375218122e+04
788     8.217554008180444362e+04
789     8.220941439151256054e+04
790     8.221787919279960624e+04
791     8.217168064452130056e+04
792     8.212839366305095609e+04
793     8.221891747848455270e+04
794     8.236438630808124435e+04
795     8.234497620080060733e+04
796     8.257935680890822550e+04
797     8.247574279097678664e+04
798     8.239230434660459287e+04
799     8.240201428038241284e+04
800     8.236460061146428052e+04
801     8.226177125611728115e+04
802     8.222438009132913430e+04
803     8.226811321959164343e+04
804     8.226834547369301436e+04
805     8.218164143208815949e+04
806     8.214032068727089791e+04
807     8.204531098173966166e+04
808     8.197292503685811243e+04
809     8.192105106943691499e+04
810     8.191659382845021901e+04
811     8.184940797379401920e+04
812     8.177034775339844055e+04
813     8.174731104576204962e+04
814     8.170338733158620016e+04
815     8.168680895412752579e+04
816     8.162181171033640567e+04
817     8.157519114078363054e+04
818     8.153816815247095656e+04
819     8.145517808527580928e+04
820     8.135584157568370574e+04
821     8.132593287502873864e+04
822     8.130058504627988441e+04
823     8.120179848970397143e+04
824     8.112370868488484120e+04
825     8.102537580466874351e+04
826     8.092728104270169570e+04
827     8.086251760967081646e+04
828     8.090043270301181474e+04
829     8.080284388121956727e+04
830     8.075681489970951225e+04
831     8.065963382115623972e+04
832     8.069535996849427465e+04
833     8.063717317816609284e+04
834     8.054048460298616556e+04
835     8.044402757588402892e+04
836     8.042020031977292092e+04
837     8.035238419569531106e+04
838     8.027036806617284310e+04
839     8.018216607709410891e+04
840     8.011222284589920309e+04
841     8.005341468552780862e+04
842     8.000102372638914676e+04
843     7.996046053087344626e+04
844     7.988686794242745964e+04
845     7.979232553200458642e+04
846     7.970688085574112483e+04
847     7.961918467808207788e+04
848     7.955186907666987099e+04
849     7.948401297824033827e+04
850     7.942509437365601480e+04
851     7.934449892274958256e+04
852     7.925378736161360575e+04
853     7.920836926114838570e+04
854     7.913964151446333562e+04
855     7.904707885998848360e+04
856     7.897260180836165091e+04
857     7.888356139198584424e+04
858     7.880575962063635234e+04
859     7.877938450056139845e+04
860     7.872808521318231942e+04
861     7.865279788461457065e+04
862     7.857933747880971350e+04
863     7.850126080528885359e+04
864     7.841680897099566937e+04
865     7.832615234150909237e+04
866     7.830020291856302356e+04
867     7.823945160043569922e+04
868     7.821565606015826052e+04
869     7.814878502401492733e+04
870     7.809707719409947458e+04
871     7.805962843217462068e+04
872     7.798063327825836313e+04
873     7.789130708735322696e+04
874     7.781919302279438125e+04
875     7.776049846719736524e+04
876     7.772571896240736532e+04
877     7.763709066628167056e+04
878     7.754866434063686756e+04
879     7.750828119989682455e+04
880     7.755325752698931319e+04
881     7.746522790526048630e+04
882     7.739931428447742655e+04
883     7.735812424968523555e+04
884     7.727061435904797690e+04
885     7.725031436436437070e+04
886     7.720453496385172184e+04
887     7.723799135889804165e+04
888     7.721473555457215116e+04
889     7.719260804982094851e+04
890     7.712611221885500709e+04
891     7.710249710005031375e+04
892     7.706566205025842646e+04
893     7.704211457948415773e+04
894     7.696729032632768212e+04
895     7.695380790220151539e+04
896     7.699309567342612718e+04
897     7.691792311511233856e+04
898     7.684704257881097146e+04
899     7.676156188734094030e+04
900     7.668727064086080645e+04
901     7.666974036999708915e+04
902     7.658474015557012171e+04
903     7.649992826228245394e+04
904     7.644269791682636424e+04
905     7.640810687205627619e+04
906     7.636035269561054884e+04
907     7.630558007694075059e+04
908     7.622154256012174301e+04
909     7.622382741776278999e+04
910     7.614006439411558677e+04
911     7.610977280256098311e+04
912     7.606083921271839063e+04
913     7.602797918641248543e+04
914     7.601067856897256570e+04
915     7.598924345333426027e+04
916     7.590628456541470950e+04
917     7.587239369851142692e+04
918     7.584070136678910058e+04
919     7.578169107143318979e+04
920     7.573158938575138745e+04
921     7.566925891590950778e+04
922     7.558718714591984462e+04
923     7.550529316273218137e+04
924     7.550469038613532030e+04
925     7.542306271625144291e+04
926     7.536557268954004394e+04
927     7.531991343560312816e+04
928     7.528007301135653688e+04
929     7.521433755521029525e+04
930     7.518048238727073476e+04
931     7.511905369055840129e+04
932     7.504861420366985840e+04
933     7.496817489473537717e+04
934     7.489775771224164055e+04
935     7.481765178105166706e+04
936     7.475153175167606969e+04
937     7.468615249806793872e+04
938     7.462605047958508658e+04
939     7.456216091241776303e+04
940     7.450076391338772373e+04
941     7.446547395601026074e+04
942     7.441084558173124969e+04
943     7.437922894114397059e+04
944     7.430043589068400615e+04
945     7.423118466107356653e+04
946     7.416951449457794661e+04
947     7.409844094573061739e+04
948     7.403323795307765249e+04
949     7.395861511602390965e+04
950     7.392423186997318408e+04
951     7.385796788720424229e+04
952     7.378712007281449041e+04
953     7.373369663339309045e+04
954     7.365640582568095124e+04
955     7.359430607023573248e+04
956     7.357000907480904425e+04
957     7.350646852420219511e+04
958     7.345884913370526920e+04
959     7.338949879199065617e+04
960     7.341097284007607959e+04
961     7.334651399644697085e+04
962     7.328116721201052133e+04
963     7.321657997549652646e+04
964     7.317250268955387583e+04
965     7.312034805721990415e+04
966     7.309830473008843546e+04
967     7.303981993854643952e+04
968     7.298504382638877723e+04
969     7.295489222488905943e+04
970     7.289182800159345788e+04
971     7.281675753653945867e+04
972     7.280119207026010554e+04
973     7.281333163977917866e+04
974     7.277756459209969034e+04
975     7.270291947739524767e+04
976     7.265094572693754162e+04
977     7.260627067098776752e+04
978     7.255322132757770305e+04
979     7.253197081346192863e+04
980     7.246141682742016565e+04
981     7.240196597117096826e+04
982     7.235032813245058060e+04
983     7.231945057404403633e+04
984     7.225781879823769850e+04
985     7.218445883638596570e+04
986     7.212203274209356459e+04
987     7.207238683931950072e+04
988     7.201036356448680453e+04
989     7.195397990737859800e+04
990     7.189708070901696919e+04
991     7.186419363649879233e+04
992     7.180934456456161570e+04
993     7.173980025978485355e+04
994     7.168690959684205882e+04
995     7.161578329577030672e+04
996     7.154387831243244000e+04
997     7.153353298232973611e+04
998     7.147031040206820762e+04
999     7.143077202606870560e+04
1000    7.141913410769739130e+04
1001    7.134778486254299060e+04
1002    7.127657800582385971e+04
1003    7.122051474681301625e+04
1004    7.114957634475744271e+04
1005    7.109316711091884645e+04
1006    7.110416867799236206e+04
1007    7.103355701232199499e+04
1008    7.098106819738396734e+04
1009    7.096711467042051663e+04
1010    7.095772946423906251e+04
1011    7.092543147456117731e+04
1012    7.088984311852282553e+04
1013    7.083705866129344213e+04
1014    7.080721645939564041e+04
1015    7.077038298024170217e+04
1016    7.073560873390063352e+04
1017    7.067439616689027753e+04
1018    7.062408787902203039e+04
1019    7.056019391740552965e+04
1020    7.049377956669867854e+04
1021    7.044685481774248183e+04
1022    7.039651133339296211e+04
1023    7.033714554997286177e+04
1024    7.028131039527099347e+04
1025    7.030088128401747963e+04
1026    7.025956337590029580e+04
1027    7.026908079420849390e+04
1028    7.026840628899987496e+04
1029    7.021991803924969281e+04
1030    7.015174162471029558e+04
1031    7.014195129947832902e+04
1032    7.010667709269552142e+04
1033    7.008174705990067741e+04
1034    7.009680557991143723e+04
1035    7.010543646585622628e+04
1036    7.006677777719983715e+04
1037    7.002267403318692232e+04
1038    6.997774296960234642e+04
1039    6.991039025400053652e+04
1040    6.997292675339308335e+04
1041    6.993962610393186333e+04
1042    6.990295541216993297e+04
1043    6.991404632818225946e+04
1044    6.991138558859378099e+04
1045    6.986901281379410648e+04
1046    6.982237334160260798e+04
1047    6.984840379714293522e+04
1048    6.984270348068908788e+04
1049    6.981643796089224634e+04
1050    6.980362579899751290e+04
1051    6.977787974506188766e+04
1052    6.981775282056638389e+04
1053    6.982099486423311464e+04
1054    6.977633024834234675e+04
1055    6.987548654105473543e+04
1056    6.987860636452904146e+04
1057    6.987506821890331048e+04
1058    6.991856987530204060e+04
1059    6.988212280146991543e+04
1060    6.988400813973194454e+04
1061    6.985502517815848114e+04
1062    6.978924677423278627e+04
1063    6.982311296603726805e+04
1064    6.983869424971345870e+04
1065    6.981397735179762822e+04
1066    6.981985310562852828e+04
1067    6.979560219408063858e+04
1068    6.976761906852925313e+04
1069    6.974689337631975650e+04
1070    6.968890793626950472e+04
1071    6.969706702763322392e+04
1072    6.985963122712411860e+04
1073    6.989757709517747571e+04
1074    6.999400293132754450e+04
1075    6.994827489230679930e+04
1076    6.988326632545674511e+04
1077    7.002822572378140467e+04
1078    7.002218758424231783e+04
1079    6.998301912619716313e+04
1080    7.004197645986726275e+04
1081    7.003730074334616074e+04
1082    7.000139138723775977e+04
1083    7.013939316818036605e+04
1084    7.017760783701539913e+04
1085    7.019446065520920092e+04
1086    7.019131422616887721e+04
1087    7.015880492447000870e+04
1088    7.021283291396962886e+04
1089    7.027680682602232264e+04
1090    7.031744198920336203e+04
1091    7.029143868067572475e+04
1092    7.027694542437660857e+04
1093    7.038829545824298111e+04
1094    7.041815436504778336e+04
1095    7.038976209136818943e+04
1096    7.055882461887273530e+04
1097    7.082525002748303814e+04
1098    7.090379779972844699e+04
1099    7.086216989278132678e+04
1100    7.080569779308905709e+04
1101    7.134498559827849385e+04
1102    7.133158865859785874e+04
1103    7.126691782302311913e+04
1104    7.131651756557439512e+04
1105    7.149655687948719424e+04
1106    7.159075583486584947e+04
1107    7.178379731816492858e+04
1108    7.171901094233476033e+04
1109    7.175167676006337570e+04
1110    7.175024163498890994e+04
1111    7.209699862932569522e+04
1112    7.203216281167352281e+04
1113    7.196744335788671742e+04
1114    7.224040960342406470e+04
1115    7.236926615612387832e+04
1116    7.236487695147024351e+04
1117    7.233406485916154634e+04
1118    7.236680022265968728e+04
1119    7.253843732356163673e+04
1120    7.279374674765116652e+04
1121    7.313457127056200989e+04
1122    7.348739464034960838e+04
1123    7.397674902076263970e+04
1124    7.411398241182052880e+04
1125    7.423173751281728619e+04
1126    7.427042220735429146e+04
1127    7.430739675947556680e+04
1128    7.475026103401232103e+04
1129    7.491403812911148998e+04
1130    7.526373161771742161e+04
1131    7.569196661624161061e+04
1132    7.612451681508634647e+04
1133    7.649342030887497822e+04
1134    7.675726864340457541e+04
1135    7.679151714890271251e+04
1136    7.709883524204020796e+04
1137    7.715322879069461487e+04
1138    7.713186595684928761e+04
1139    7.717168007261621824e+04
1140    7.749016409970837412e+04
1141    7.796825222572314669e+04
1142    7.795414602650371671e+04
1143    7.809029189020411286e+04
1144    7.811669921933914884e+04
1145    7.821965458097012015e+04
1146    7.843620683094448759e+04
1147    7.853675423713946657e+04
1148    7.873264600425276149e+04
1149    7.866412489801130141e+04
1150    7.863079648603629903e+04
1151    7.863067096644394042e+04
1152    7.856241768716422666e+04
1153    7.851750005313369911e+04
1154    7.879225398176064482e+04
1155    7.875459873921268445e+04
1156    7.868647348234536184e+04
1157    7.873250757601842633e+04
1158    7.871613757657802489e+04
1159    7.878613196570285072e+04
1160    7.887438253236228775e+04
1161    7.915004668499006948e+04
1162    7.927278071482680389e+04
1163    7.920461801073083188e+04
1164    7.920682751379006368e+04
1165    7.921069428029259143e+04
1166    7.927120030286452675e+04
1167    7.923086340504369582e+04
1168    7.946075940433051437e+04
1169    7.939278743370997836e+04
1170    7.957958971268494497e+04
1171    7.969565760280475661e+04
1172    7.962765864592383150e+04
1173    7.976463984381791670e+04
1174    7.996352809205956873e+04
1175    7.999628258920734515e+04
1176    8.007314951296815707e+04
1177    8.037979930552921724e+04
1178    8.072732187263989181e+04
1179    8.113757713995137601e+04
1180    8.114363742577632365e+04
1181    8.144459637379915512e+04
1182    8.165645191909107962e+04
1183    8.163802263834570476e+04
1184    8.190013821886375081e+04
1185    8.194195618242175260e+04
1186    8.209021424270478019e+04
1187    8.228769244257344690e+04
1188    8.227498570550455770e+04
1189    8.220578769396274583e+04
1190    8.256776910781332117e+04
1191    8.332964284963493992e+04
1192    8.342024712217037450e+04
1193    8.366854665684433712e+04
1194    8.371667253980076930e+04
1195    8.376407205375270860e+04
1196    8.428408160057591158e+04
1197    8.428398430727278173e+04
1198    8.473264293448382523e+04
1199    8.490148908690629469e+04
1200    8.494439361988284509e+04
1201    8.514569538531034777e+04
1202    8.538239230034225329e+04
1203    8.658073679905591416e+04
1204    8.697664114869076002e+04
1205    8.699631520405788615e+04
1206    8.752716394743559067e+04
1207    8.780894020659361559e+04
1208    8.801157365348037274e+04
1209    8.899422347889079538e+04
1210    8.951918608395406045e+04
1211    8.971772700841877668e+04
1212    8.990819347345262941e+04
1213    9.018350728788180277e+04
1214    9.015013635027248529e+04
1215    9.024764531638054177e+04
1216    9.103597032677958487e+04
1217    9.120432594919907569e+04
1218    9.112944798024250485e+04
1219    9.131624721261324885e+04
1220    9.137743694088507618e+04
1221    9.169367213614529464e+04
1222    9.170789059734223702e+04
1223    9.185241066529210366e+04
1224    9.194590056577249197e+04
1225    9.209308219517245016e+04
1226    9.307559496359161858e+04
1227    9.303654424284728884e+04
1228    9.301557647286039719e+04
1229    9.293989624641009141e+04
1230    9.400591515961804544e+04
1231    9.467127583042430342e+04
1232    9.511181026585680956e+04
1233    9.587117899379889423e+04
1234    9.579349202722909104e+04
1235    9.602573190098319901e+04
1236    9.719549517317862774e+04
1237    9.732367154677634244e+04
1238    9.769606958905613283e+04
1239    9.770298666855547344e+04
1240    9.820604844237412908e+04
1241    9.865897185366993654e+04
1242    9.964152851910413301e+04
1243    9.980391077311946719e+04
1244    9.981484426263859496e+04
1245    9.996668506952258758e+04
1246    1.001373766704827431e+05
1247    1.002737242490266362e+05
1248    1.005835916106461518e+05
1249    1.006476882804138004e+05
1250    1.005671743980861938e+05
1251    1.005496212588405760e+05
1252    1.005047204763651098e+05
1253    1.005153603491426475e+05
1254    1.007250079941690346e+05
1255    1.010341575533450959e+05
1256    1.011668869863044674e+05
1257    1.018367727534063306e+05
1258    1.019440640708668507e+05
1259    1.020743602237507148e+05
1260    1.022731913985089486e+05
1261    1.023987443216244574e+05
1262    1.025402685114861815e+05
1263    1.025617770396355336e+05
1264    1.030091894060200721e+05
1265    1.030559250953415758e+05
1266    1.030996456675596128e+05
1267    1.040174174096352654e+05
1268    1.044977831462905888e+05
1269    1.047927814844682289e+05
1270    1.055692020119423250e+05
1271    1.056195326938434446e+05
1272    1.059330066279343882e+05
1273    1.060636134300416161e+05
1274    1.063440882881894358e+05
1275    1.070984843144202896e+05
1276    1.070781769029100542e+05
1277    1.081243763580263185e+05
1278    1.082498411713167006e+05
1279    1.085901851711605996e+05
1280    1.095409734295906383e+05
1281    1.112124281177587982e+05
1282    1.120879709894855478e+05
1283    1.126121892800535861e+05
1284    1.130198628026499209e+05
1285    1.145493601532979519e+05
1286    1.154630157070141140e+05
1287    1.166252906071074394e+05
1288    1.171000503975349711e+05
1289    1.175468564155563217e+05
1290    1.183121310010096640e+05
1291    1.189284553919668106e+05
1292    1.194031467798573285e+05
1293    1.195513482567921310e+05
1294    1.199088197176249232e+05
1295    1.201300187473272817e+05
1296    1.201385687952588632e+05
1297    1.204911930519635935e+05
1298    1.210206780461998424e+05
1299    1.211139733185990626e+05
1300    1.215335022868641390e+05
1301    1.232506720977007208e+05
1302    1.237615559107006120e+05
1303    1.236665842573064729e+05
1304    1.245088763582517713e+05
1305    1.245877754456325347e+05
1306    1.247856908763145766e+05
1307    1.250024420490946795e+05
1308    1.252713809798270522e+05
1309    1.262622313298002264e+05
1310    1.261658572921431623e+05
1311    1.267157676982434350e+05
1312    1.274652439468807861e+05
1313    1.277005279154292075e+05
1314    1.289400295191362384e+05
1315    1.297933815504049126e+05
1316    1.312753282030152332e+05
1317    1.321521584919510351e+05
1318    1.330734305550087302e+05
1319    1.334186047498243861e+05
1320    1.335169155965087994e+05
1321    1.334948515126989514e+05
1322    1.334694733122109319e+05
1323    1.340941836197784578e+05
1324    1.339929175482163846e+05
1325    1.347504554254332616e+05
1326    1.347556152304293064e+05
1327    1.351851611093011452e+05
1328    1.368812724359925778e+05
1329    1.385419023202295648e+05
1330    1.384377731250764045e+05
1331    1.383337963186028937e+05
1332    1.384706421176725999e+05
1333    1.383667934355850448e+05
1334    1.389965400692445401e+05
1335    1.388924542714388517e+05
1336    1.393134310725516407e+05
1337    1.395609571550118271e+05
1338    1.398779656328809215e+05
1339    1.409126052423927176e+05
1340    1.420116202486697002e+05
1341    1.425674566457483161e+05
1342    1.426786111238786543e+05
1343    1.425723899224463094e+05
1344    1.436086255791835429e+05
1345    1.438071480847685016e+05
1346    1.444558014587104262e+05
1347    1.450883023602481408e+05
1348    1.460121276475549384e+05
1349    1.459039094860528130e+05
1350    1.469832397424261726e+05
1351    1.477090074082895881e+05
1352    1.504940732730745513e+05
1353    1.509062489821374766e+05
1354    1.522360441429422353e+05
1355    1.525351289739100903e+05
1356    1.528884000856019557e+05
1357    1.537779613874322386e+05
1358    1.538814480548422725e+05
1359    1.543863374422704510e+05
1360    1.542728458617795259e+05
1361    1.558011478723167966e+05
1362    1.563691338608346705e+05
1363    1.568582187094468973e+05
1364    1.581452400955308112e+05
1365    1.580931791217077407e+05
1366    1.581376691293605836e+05
1367    1.581717656970328535e+05
1368    1.594567292605858529e+05
1369    1.595610995613989362e+05
1370    1.594446377459846262e+05
1371    1.609327866020301299e+05
1372    1.614509051468386606e+05
1373    1.615283789947444748e+05
1374    1.619279030127508158e+05
1375    1.620693547341730737e+05
1376    1.625098180214785098e+05
1377    1.630543890261536289e+05
1378    1.637299674055885407e+05
1379    1.642546414040216769e+05
1380    1.642803999532773450e+05
1381    1.644137232041188108e+05
1382    1.659059081563127402e+05
1383    1.671602905582950625e+05
1384    1.691418572338857048e+05
1385    1.710057027911548212e+05
1386    1.711344488107533252e+05
1387    1.726330388989273051e+05
1388    1.731163032372543239e+05
1389    1.734371149933553243e+05
1390    1.737875436004778312e+05
1391    1.747190584103871661e+05
1392    1.764684930350987124e+05
1393    1.766437615563227155e+05
1394    1.768692736347908503e+05
1395    1.783028044393630698e+05
1396    1.788188055228721350e+05
1397    1.795816314212888828e+05
1398    1.797703363723642833e+05
1399    1.802530749645525939e+05
1400    1.809934702825995337e+05
1401    1.808642835733396641e+05
1402    1.816571621373381640e+05
1403    1.824977020336705318e+05
1404    1.831996947364384541e+05
1405    1.846000140472525381e+05
1406    1.857798839292497432e+05
1407    1.856478449976641859e+05
1408    1.870434824244774936e+05
1409    1.873801989233388449e+05
1410    1.880267157462562318e+05
1411    1.884218453823414748e+05
1412    1.890917834913818224e+05
1413    1.911214234125679068e+05
1414    1.920780718507431739e+05
1415    1.935976302858463314e+05
1416    1.942472650438956625e+05
1417    1.955477086267323757e+05
1418    1.961828455955685640e+05
1419    1.972169012644833419e+05
1420    1.972388894003611349e+05
1421    1.977944542222369055e+05
1422    1.983772547060389188e+05
1423    1.998885241696616577e+05
1424    2.004435745069672412e+05
1425    2.012810308053600020e+05
1426    2.030134772077607340e+05
1427    2.047420229869198520e+05
1428    2.048350419509270287e+05
1429    2.067373474620522175e+05
1430    2.081711248262354638e+05
1431    2.097214370350192767e+05
1432    2.097613015484844218e+05
1433    2.109354014414884441e+05
1434    2.132890604534425074e+05
1435    2.143789874204553780e+05
1436    2.158091060374068911e+05
1437    2.170127506713851180e+05
1438    2.186489482108313823e+05
1439    2.213950004486303660e+05
1440    2.221559243831307977e+05
1441    2.235685153811993368e+05
1442    2.250609582211203815e+05
1443    2.252594043882249680e+05
1444    2.258922803389173059e+05
1445    2.257359753793839191e+05
1446    2.269254781284008059e+05
1447    2.283983106620209874e+05
1448    2.300511479073600494e+05
1449    2.315087282172301784e+05
1450    2.313490652564678749e+05
1451    2.320214219689823512e+05
1452    2.335911529320403642e+05
1453    2.348279326492910914e+05
1454    2.352506096522660227e+05
1455    2.369660472659761144e+05
1456    2.369035023196490947e+05
1457    2.381428655015009281e+05
1458    2.380530935643480916e+05
1459    2.386676732266807230e+05
1460    2.398429674285551300e+05
1461    2.403001797013391042e+05
1462    2.416825137367957796e+05
1463    2.422890726905764604e+05
1464    2.425120873759917740e+05
1465    2.426035524773109064e+05
1466    2.437763408971242025e+05
1467    2.441752679099017696e+05
1468    2.444488371267922630e+05
1469    2.454239199905995338e+05
1470    2.453677480700012820e+05
1471    2.455878854612343421e+05
1472    2.465091758082409506e+05
1473    2.502894586270404398e+05
1474    2.521056832532435365e+05
1475    2.523007194436359277e+05
1476    2.528200734910234751e+05
1477    2.534152337383760023e+05
1478    2.568974246701406373e+05
1479    2.567237331561361207e+05
1480    2.569362420732406317e+05
1481    2.567792153253002616e+05
1482    2.570794044791502529e+05
1483    2.578018179786334804e+05
1484    2.581781115377104143e+05
1485    2.607562937716398737e+05
1486    2.609764596567425469e+05
1487    2.608009457085245522e+05
1488    2.634389772772250581e+05
1489    2.639699699491967331e+05
1490    2.646226329341483070e+05
1491    2.653456893832916394e+05
1492    2.658059976707059541e+05
1493    2.662361853762482060e+05
1494    2.673351238189559663e+05
1495    2.683136055539872032e+05
1496    2.686458822530916659e+05
1497    2.705168095966974506e+05
1498    2.712953970681776409e+05
1499    2.711144163086655899e+05
1500    2.716296311920016888e+05
1501    2.722105438305836869e+05
1502    2.727475359551047441e+05
1503    2.729801150823908974e+05
1504    2.730855225415787427e+05
1505    2.739039663376847748e+05
1506    2.748809364395315642e+05
1507    2.763506984523123829e+05
1508    2.771228564292046358e+05
1509    2.800456458702604868e+05
1510    2.798602054796967423e+05
1511    2.809539269013169105e+05
1512    2.807681216401340789e+05
1513    2.820483404405746842e+05
1514    2.828169248906719149e+05
1515    2.832636176949389628e+05
1516    2.836656123752621352e+05
1517    2.843128528431809391e+05
1518    2.856281138924561674e+05
1519    2.854400935932142311e+05
1520    2.862401489539720933e+05
1521    2.863817228395587299e+05
1522    2.887063309841460432e+05
1523    2.885715661814308260e+05
1524    2.884919365897749085e+05
1525    2.884124207369849319e+05
1526    2.901346346339840093e+05
1527    2.899446696440482046e+05
1528    2.899659551630796632e+05
1529    2.905109338526994688e+05
1530    2.920714430493072141e+05
1531    2.920824413132438203e+05
1532    2.930174304178387974e+05
1533    2.929422272219953011e+05
1534    2.934178697861364926e+05
1535    2.933376795349009917e+05
1536    2.936941874801158556e+05
1537    2.942839586118400912e+05
1538    2.940926353270371328e+05
1539    2.948637301016639685e+05
1540    2.957882927283443278e+05
1541    2.971515739565290860e+05
1542    2.974615925167151145e+05
1543    2.977036174893271527e+05
1544    2.986970962420639116e+05
1545    2.990136012265951140e+05
1546    2.991544084720842075e+05
1547    2.992114952668014448e+05
1548    2.992111887116237776e+05
1549    2.999859197488671052e+05
1550    3.007229284607925802e+05
1551    3.009815329300904996e+05
1552    3.022148223045675550e+05
1553    3.024233088876081747e+05
1554    3.027368881299115019e+05
1555    3.045833952056012349e+05
1556    3.049487527478960692e+05
1557    3.063215077739789267e+05
1558    3.061249249104373739e+05
1559    3.070468849091457669e+05
1560    3.076608364383289008e+05
1561    3.078316893028679187e+05
1562    3.080451545739549911e+05
1563    3.087304490903341211e+05
1564    3.085330650454071001e+05
1565    3.088498001160876011e+05
1566    3.092456738937051850e+05
1567    3.095036947883021203e+05
1568    3.102228008992433315e+05
1569    3.102638476009551669e+05
1570    3.112662134444212425e+05
1571    3.119062433972454746e+05
1572    3.119532478046356700e+05
1573    3.123932991781778983e+05
1574    3.125312957692806376e+05
1575    3.128814600373079302e+05
1576    3.136487810098070768e+05
1577    3.145588449340012739e+05
1578    3.145985297143622302e+05
1579    3.145187417573521961e+05
1580    3.158952273964075139e+05
1581    3.169292492866312969e+05
1582    3.176498075894155772e+05
1583    3.182931007713462459e+05
1584    3.197709054255550727e+05
1585    3.199340030091331573e+05
1586    3.197323371667473111e+05
1587    3.197716911381193204e+05
1588    3.206797460294097546e+05
1589    3.213967795763706672e+05
1590    3.215186478732389514e+05
1591    3.213166297027776600e+05
1592    3.233074568448351929e+05
1593    3.231045604831610690e+05
1594    3.229019193878744845e+05
1595    3.236109561275935266e+05
1596    3.242958985997954151e+05
1597    3.254775139490046422e+05
1598    3.259343668719161069e+05
1599    3.258043063696622266e+05
1600    3.259610038633496151e+05
1601    3.267330052704461268e+05
1602    3.271601637590934988e+05
1603    3.273270015858849511e+05
1604    3.273836729235528037e+05
1605    3.272448583366936073e+05
1606    3.272202954887605738e+05
1607    3.270166921726284199e+05
1608    3.277365875358360354e+05
1609    3.281075269996859715e+05
1610    3.284702471905478742e+05
1611    3.289757926043053740e+05
1612    3.289428976960113505e+05
1613    3.287914838253067574e+05
1614    3.288838600524229696e+05
1615    3.290723865618458367e+05
1616    3.290067352446251316e+05
1617    3.294008234804981621e+05
1618    3.293575122512500966e+05
1619    3.294332772211576812e+05
1620    3.293743288597021019e+05
1621    3.294482587955520721e+05
1622    3.296932391740425373e+05
1623    3.298541341332954471e+05
1624    3.296510444044959149e+05
1625    3.299227874051457620e+05
1626    3.303979429298905889e+05
1627    3.305047402234247420e+05
1628    3.311303243297601002e+05
1629    3.315931961902124458e+05
1630    3.313897739635994076e+05
1631    3.321142450573242386e+05
1632    3.325488428335353383e+05
1633    3.323452127927424735e+05
1634    3.321418289949574391e+05
1635    3.320916083537654486e+05
1636    3.322884467883256730e+05
1637    3.320854665800002986e+05
1638    3.319010678660859703e+05
1639    3.322290953800245770e+05
1640    3.334704236409204314e+05
1641    3.338931323516026023e+05
1642    3.341740484270836459e+05
1643    3.341766214782541501e+05
1644    3.339733636160620372e+05
1645    3.344492145739176776e+05
1646    3.342460332961406675e+05
1647    3.344595865651275963e+05
1648    3.344367519765932811e+05
1649    3.346770269031439675e+05
1650    3.350228200633662054e+05
1651    3.350837298025555210e+05
1652    3.354000046476261341e+05
1653    3.360126455425749300e+05
1654    3.363398981755961431e+05
1655    3.365837067919999827e+05
1656    3.366722774244643515e+05
1657    3.367224579207205679e+05
1658    3.369296334463094245e+05
1659    3.368822168236513389e+05
1660    3.370568410442209570e+05
1661    3.372761405728860409e+05
1662    3.375075324867457384e+05
1663    3.375326778680863208e+05
1664    3.377935755806002999e+05
1665    3.380932928357175551e+05
1666    3.383129695764434291e+05
1667    3.390319984836949152e+05
1668    3.388287635196931078e+05
1669    3.389335053238985711e+05
1670    3.387736471320207347e+05
1671    3.390094991380218416e+05
1672    3.391518209586163284e+05
1673    3.389491018826242071e+05
1674    3.389504264758380596e+05
1675    3.393161743990553077e+05
1676    3.393557966850280063e+05
1677    3.397308868338856846e+05
1678    3.397685833674282767e+05
1679    3.399057422775041196e+05
1680    3.407226760282450705e+05
1681    3.411795044861651841e+05
1682    3.421886417635034886e+05
1683    3.420690395125274663e+05
1684    3.421949957456957200e+05
1685    3.424821942789459717e+05
1686    3.426519208195423707e+05
1687    3.428592219291303772e+05
1688    3.439231982622191426e+05
1689    3.441080487350664334e+05
1690    3.442982485623693792e+05
1691    3.446949104282611515e+05
1692    3.448738389302223222e+05
1693    3.451081530504980474e+05
1694    3.455579154464043095e+05
1695    3.459039931893574540e+05
1696    3.461800744506370975e+05
1697    3.463625272201163461e+05
1698    3.463331952084686491e+05
1699    3.466301071199555881e+05
1700    3.465890706957765506e+05
1701    3.467233183639297495e+05
1702    3.465196072941387538e+05
1703    3.463161314426476019e+05
1704    3.466608952414168743e+05
1705    3.466388059258571593e+05
1706    3.469784886239019106e+05
1707    3.472582174629149376e+05
1708    3.470549050387755851e+05
1709    3.475184299342309823e+05
1710    3.480932015659522149e+05
1711    3.480454772252325201e+05
1712    3.478421873154392233e+05
1713    3.477431066269973526e+05
1714    3.481115814570493530e+05
1715    3.481158905613382231e+05
1716    3.488650869351418223e+05
1717    3.486619008755570976e+05
1718    3.490208100940712029e+05
1719    3.491073713313254411e+05
1720    3.489271109743280686e+05
1721    3.489750204384374083e+05
1722    3.495582129429031047e+05
1723    3.496032394641904393e+05
1724    3.502363904924290255e+05
1725    3.503651212081096601e+05
1726    3.509004173497637385e+05
1727    3.510384078941511107e+05
1728    3.510056472521165269e+05
1729    3.513174351168425055e+05
1730    3.511143931702136179e+05
1731    3.511684010517092538e+05
1732    3.514732340764178080e+05
1733    3.517470235242119525e+05
1734    3.519069026525737136e+05
1735    3.526921595742722857e+05
1736    3.524890282035522978e+05
1737    3.523783298184680752e+05
1738    3.521755932344380417e+05
1739    3.520787332484807703e+05
1740    3.521999957165455562e+05
1741    3.519977022552227136e+05
1742    3.523358798423034023e+05
1743    3.530720602930120076e+05
1744    3.533050400449509034e+05
1745    3.531915845702580409e+05
1746    3.530820853304098709e+05
1747    3.531154291462110123e+05
1748    3.530188181249822956e+05
1749    3.530276576184470905e+05
1750    3.532020708039546153e+05
1751    3.540326600356962881e+05
1752    3.556815373216391308e+05
1753    3.558889444385579554e+05
1754    3.561557428763286443e+05
1755    3.573351466298292507e+05
1756    3.577680565582315321e+05
1757    3.587392059426301275e+05
1758    3.592580279712122283e+05
1759    3.593762753851995221e+05
1760    3.594071641506232554e+05
1761    3.596266979554386344e+05
1762    3.597840256288045202e+05
1763    3.599841105012779590e+05
1764    3.602842930868006079e+05
1765    3.604053429027271341e+05
1766    3.605110105540522491e+05
1767    3.608034849505218444e+05
1768    3.608232974184447667e+05
1769    3.609088960896600038e+05
1770    3.609175991308572702e+05
1771    3.612917371132827247e+05
1772    3.610878344812276773e+05
1773    3.608841618728785543e+05
1774    3.611340203235657536e+05
1775    3.619018163553301129e+05
1776    3.620654885799751501e+05
1777    3.625966115965103381e+05
1778    3.624778128778327373e+05
1779    3.623024257673048996e+05
1780    3.624112390432950924e+05
1781    3.636056444178596139e+05
1782    3.642830979435577174e+05
1783    3.644121836251452332e+05
1784    3.650658362099911319e+05
1785    3.649756490750096855e+05
1786    3.661242711969639058e+05
1787    3.661827238226570771e+05
1788    3.663570274123915588e+05
1789    3.666010790672058938e+05
1790    3.663962835552371689e+05
1791    3.668758298180559068e+05
1792    3.669380803632813040e+05
1793    3.668645777490682085e+05
1794    3.673488759745946154e+05
1795    3.674180100103107980e+05
1796    3.679051590677782660e+05
1797    3.678081406133614946e+05
1798    3.684396490663303994e+05
1799    3.683639057372733369e+05
1800    3.681593127957198885e+05
1801    3.684718037756058620e+05
1802    3.686968462583538494e+05
1803    3.684923977190409787e+05
1804    3.690218082880674629e+05
1805    3.695769292472394882e+05
1806    3.693723399588747416e+05
1807    3.692788337847687653e+05
1808    3.690746523960341001e+05
1809    3.700529314388250350e+05
1810    3.707915848042923608e+05
1811    3.710277583528844989e+05
1812    3.709404495727064786e+05
1813    3.723632221677807975e+05
1814    3.722825684414380812e+05
1815    3.726654137979031657e+05
1816    3.748856292893167702e+05
1817    3.749673530518719926e+05
1818    3.756151415427670581e+05
1819    3.759460410360688111e+05
1820    3.762119287425463554e+05
1821    3.763493656030088896e+05
1822    3.764333491453870665e+05
1823    3.768699455583977979e+05
1824    3.767720535830912413e+05
1825    3.770309090003406745e+05
1826    3.781873627805722645e+05
1827    3.788195230383562157e+05
1828    3.802138459945635404e+05
1829    3.800059881947177928e+05
1830    3.806092829369106912e+05
1831    3.804014115722872666e+05
1832    3.806874187755516614e+05
1833    3.809606060572915012e+05
1834    3.811451437335382798e+05
1835    3.814080841790414997e+05
1836    3.812407995719532482e+05
1837    3.810400058965080534e+05
1838    3.808326903550950228e+05
1839    3.817880814660699107e+05
1840    3.821230127554950886e+05
1841    3.823810850561274565e+05
1842    3.826551934175575152e+05
1843    3.835807851698591257e+05
1844    3.833727608172546607e+05
1845    3.841153096622737357e+05
1846    3.845026412011015345e+05
1847    3.855371240117503330e+05
1848    3.853285017459122464e+05
1849    3.853074657592985313e+05
1850    3.858986727021029801e+05
1851    3.880457627861313522e+05
1852    3.878362467521955259e+05
1853    3.888310675677031977e+05
1854    3.915458365455410094e+05
1855    3.919716291827740497e+05
1856    3.927034224744349485e+05
1857    3.936687010949937976e+05
1858    3.942727136991727166e+05
1859    3.940606345011520898e+05
1860    3.951574524749250268e+05
1861    3.955233960329725523e+05
1862    3.968146032761276001e+05
1863    3.982567620560821961e+05
1864    3.993123368043599767e+05
1865    4.003539379181772238e+05
1866    4.004265766140729538e+05
1867    4.006602022134462022e+05
1868    4.010814977491556201e+05
1869    4.012857489285379415e+05
1870    4.010711847065936890e+05
1871    4.011195371219091467e+05
1872    4.010542636271895026e+05
1873    4.009375918710473343e+05
1874    4.013693534856594051e+05
1875    4.014258207344054827e+05
1876    4.016109480067137047e+05
1877    4.019541735563692055e+05
1878    4.023065461987416493e+05
1879    4.023542762807951076e+05
1880    4.022747268281480065e+05
1881    4.020608908929369645e+05
1882    4.025379132771217264e+05
1883    4.038797806735455524e+05
1884    4.040953844036543160e+05
1885    4.041766592675288557e+05
1886    4.047780925044019823e+05
1887    4.047931563452171977e+05
1888    4.050311164812072529e+05
1889    4.051434878323971643e+05
1890    4.051753849367820076e+05
1891    4.051401901002122904e+05
1892    4.051803411813008715e+05
1893    4.071794457392591285e+05
1894    4.072509471498666098e+05
1895    4.075679046994884266e+05
1896    4.073529354311506031e+05
1897    4.075451924652540474e+05
1898    4.081644191302332911e+05
1899    4.081429997545242077e+05
1900    4.085780560217727907e+05
1901    4.092353861338358838e+05
1902    4.095757008971612086e+05
1903    4.105960860785559053e+05
1904    4.111649269291497767e+05
1905    4.113253802740390529e+05
1906    4.123550994718643487e+05
1907    4.128238194622956798e+05
1908    4.132610320427890401e+05
1909    4.131516047854922363e+05
1910    4.134136811704822467e+05
1911    4.136563424899065285e+05
1912    4.151153338262758916e+05
1913    4.159171413373990217e+05
1914    4.159794145754071651e+05
1915    4.164734201296679094e+05
1916    4.170209031762028462e+05
1917    4.168974392109956825e+05
1918    4.176027751633851440e+05
1919    4.174433883757884032e+05
1920    4.178237988783578039e+05
1921    4.188528748903150554e+05
1922    4.192118400165149360e+05
1923    4.192097328962554457e+05
1924    4.191342027160982834e+05
1925    4.194303438591691083e+05
1926    4.198052418245545705e+05
1927    4.207545322862147004e+05
1928    4.209226711296534049e+05
1929    4.226539489551048027e+05
1930    4.228143498547690688e+05
1931    4.233851358541517402e+05
1932    4.234562379158618278e+05
1933    4.244581036155417678e+05
1934    4.247728414361620089e+05
1935    4.249405981639942620e+05
1936    4.252838803723156452e+05
1937    4.258797207296741544e+05
1938    4.269760573420347646e+05
1939    4.278444687186194351e+05
1940    4.279443883578710956e+05
1941    4.277849257760753972e+05
1942    4.277774196211909875e+05
1943    4.287659496610185597e+05
1944    4.295089760450285394e+05
1945    4.299539092130156350e+05
1946    4.299787706210831529e+05
1947    4.305203280016292119e+05
1948    4.322228906778824166e+05
1949    4.333899303716126014e+05
1950    4.332828829240763444e+05
1951    4.334145342084930162e+05
1952    4.333303458975717076e+05
1953    4.348627716809430858e+05
1954    4.352890764812831767e+05
1955    4.358915499541062745e+05
1956    4.366714245576427202e+05
1957    4.366088613513213350e+05
1958    4.366223953980804072e+05
1959    4.368561691878281417e+05
1960    4.371639557715150877e+05
1961    4.379658770226282068e+05
1962    4.381576866213282919e+05
1963    4.382554214887684211e+05
1964    4.389685038362256601e+05
1965    4.393873984998466331e+05
1966    4.395508866500872537e+05
1967    4.396714130404314492e+05
1968    4.409739885968035669e+05
1969    4.411117456650038948e+05
1970    4.418184361589698819e+05
1971    4.425148301138708484e+05
1972    4.422904658817799645e+05
1973    4.422206491394258337e+05
1974    4.423351749119107262e+05
1975    4.426891957054764498e+05
1976    4.439856915744846920e+05
1977    4.447573573882031487e+05
1978    4.450599916986288736e+05
1979    4.452936862329894211e+05
1980    4.472025182139949175e+05
1981    4.484511894126893021e+05
1982    4.492011701390798553e+05
1983    4.502791489783556317e+05
1984    4.515880889703634311e+05
1985    4.531422212683656835e+05
1986    4.547695835536491359e+05
1987    4.569083997159947176e+05
1988    4.583690233528881799e+05
1989    4.611522648353236145e+05
1990    4.618896176017328980e+05
1991    4.623015338489618152e+05
1992    4.636755640565213398e+05
1993    4.636767900390094146e+05
1994    4.636790313849303056e+05
1995    4.660227451856189873e+05
1996    4.677849463104608003e+05
1997    4.685771330174774630e+05
1998    4.698145048734663869e+05
1999    4.697866255695611471e+05
2000    4.710737810654205969e+05
