1       0.000000000000000000e+00
2       0.000000000000000000e+00
3       0.000000000000000000e+00
4       0.000000000000000000e+00
5       0.000000000000000000e+00
6       0.000000000000000000e+00
7       0.000000000000000000e+00
8       0.000000000000000000e+00
9       0.000000000000000000e+00
10      0.000000000000000000e+00
11      0.000000000000000000e+00
12      0.000000000000000000e+00
13      0.000000000000000000e+00
14      0.000000000000000000e+00
15      0.000000000000000000e+00
16      0.000000000000000000e+00
17      0.000000000000000000e+00
18      0.000000000000000000e+00
19      0.000000000000000000e+00
20      0.000000000000000000e+00
21      6.953586426902689262e-06
22      1.682403187046540731e-05
23      2.858378923627586524e-05
24      6.071673224829608225e-05
25      9.196543082082303143e-05
26      1.168232719115531179e-04
27      1.454082290980587757e-04
28      2.064074783341075976e-04
29      2.092541040352175331e-04
30      2.450538264081091673e-04
31      3.864140496381813323e-04
32      5.276161581557920225e-04
33      7.275087100439807256e-04
34      9.639737922346345786e-04
35      1.038317225022985244e-03
36      1.154896816760334587e-03
37      3.282366968450873852e-03
38      4.490468181752046636e-03
39      4.375327971963596449e-03
40      5.018808816026080512e-03
41      6.081624111047133178e-03
42      8.468437207470196071e-03
43      8.643146607041319110e-03
44      8.446711456881222935e-03
45      8.259006757845022140e-03
46      3.243159163982411997e-02
47      3.174155777558286540e-02
48      4.181604020172269287e-02
49      4.096265162720201525e-02
50      8.324263081424310151e-01
51      8.905715126786428737e-01
52      4.260203926044924927e+00
53      5.131423286189718880e+00
54      5.036396929459494132e+00
55      5.149190968136703184e+00
56      1.362063570179640770e+01
57      1.478984344025288600e+01
58      1.832556814667212919e+01
59      2.839029140129900242e+01
60      4.410979321100084150e+01
61      5.424000154573077737e+01
62      7.436091340608336964e+01
63      9.321114973276102944e+01
64      1.096733412892261015e+02
65      1.102834869226853414e+02
66      1.165298921295473065e+02
67      1.147906400328715080e+02
68      1.216841954266325558e+02
69      1.240406729793146638e+02
70      1.264561884770999711e+02
71      1.329032667936356802e+02
72      1.774118834414814501e+02
73      1.957908979045638489e+02
74      2.140560743418000698e+02
75      2.627351782389214918e+02
76      2.732967756402136388e+02
77      3.116500976019111704e+02
78      4.120604990163649859e+02
79      4.379369234117367569e+02
80      4.810962711479128302e+02
81      5.159905968213615779e+02
82      5.576642389807589097e+02
83      5.509453952214049650e+02
84      5.443865225662981402e+02
85      5.583921030723734020e+02
86      6.094282554968286831e+02
87      6.381441039361722005e+02
88      6.956352607862238528e+02
89      6.878191387376791681e+02
90      7.583891901305019019e+02
91      7.500552495170963994e+02
92      7.419024815514447937e+02
93      7.559475678381996886e+02
94      7.793817256153735116e+02
95      8.454878439215638082e+02
96      8.945270155534323067e+02
97      8.853051051834975169e+02
98      9.716042461935156780e+02
99      1.013943470045029471e+03
100     1.021662023679813728e+03
101     1.564349324041572117e+03
102     1.575313050287917576e+03
103     1.677775123269139385e+03
104     1.840738252547301499e+03
105     1.965735118454394069e+03
106     1.947190493949458869e+03
107     1.999453103373814429e+03
108     2.294477100807769602e+03
109     2.652628510307650231e+03
110     2.727729028614851359e+03
111     2.798759856758370461e+03
112     2.850519190386911305e+03
113     3.193366713703416735e+03
114     3.340388951726014966e+03
115     3.497293546498736760e+03
116     3.492684917530433722e+03
117     4.005047933119647041e+03
118     4.064445869769855562e+03
119     4.166489797512224868e+03
120     4.332383895035150999e+03
121     4.296579234707899559e+03
122     4.652592745610623751e+03
123     4.614766954194673417e+03
124     5.002351431511644478e+03
125     5.165775662238618679e+03
126     5.153863354047987741e+03
127     5.279139562398902854e+03
128     5.467324382796617101e+03
129     5.532258016201408282e+03
130     5.635316773445706531e+03
131     5.870420723603756414e+03
132     5.900375613810869254e+03
133     6.036940943519149187e+03
134     6.123513056613671324e+03
135     6.275563028753233993e+03
136     6.542293684175595445e+03
137     6.863452610747697690e+03
138     6.858684610170482301e+03
139     6.921375867576064593e+03
140     6.923439986456087354e+03
141     7.124824382279475685e+03
142     7.219962437186578427e+03
143     7.365891285567628984e+03
144     7.897268664216563593e+03
145     8.076370189463435054e+03
146     8.284413185210416486e+03
147     8.334464225129775514e+03
148     8.339225169971314244e+03
149     8.499924073437507104e+03
150     9.378277379031515011e+03
151     1.026929010490174733e+04
152     1.022921499834342649e+04
153     1.141942844597876501e+04
154     1.180047094551351620e+04
155     1.172433970948946626e+04
156     1.237795809028969052e+04
157     1.253372294366300412e+04
158     1.309823356866255926e+04
159     1.301585575028240055e+04
160     1.301673995749098322e+04
161     1.362294457961807348e+04
162     1.399745007151583923e+04
163     1.508622351143551532e+04
164     1.506119338344155221e+04
165     1.496991426274857986e+04
166     1.487973454198132276e+04
167     1.685238829099918439e+04
168     1.700993705430977934e+04
169     1.741350552448408416e+04
170     1.832441123255584171e+04
171     1.845951138996341979e+04
172     1.835218998461585943e+04
173     1.858815068536141916e+04
174     1.901117252714185452e+04
175     1.911560614956451900e+04
176     1.934301694645924727e+04
177     1.928446743592618441e+04
178     1.969030735632454525e+04
179     1.961914382445249794e+04
180     1.965956009194879516e+04
181     1.978631092831415663e+04
182     2.032144427167858885e+04
183     2.021039808073451059e+04
184     2.056526736653657645e+04
185     2.045410414856032003e+04
186     2.075958907017138336e+04
187     2.166322086241104626e+04
188     2.244499427604704033e+04
189     2.332683298279726660e+04
190     2.377652784810640514e+04
191     2.424086080318110180e+04
192     2.482430049931224494e+04
193     2.512034613301667923e+04
194     2.554119384070171509e+04
195     2.556465578007262229e+04
196     2.571149460436566733e+04
197     2.558097983618484068e+04
198     2.565449687295799595e+04
199     2.576810400820196446e+04
200     2.598287951876645820e+04
201     2.688020265624142485e+04
202     2.674713288484243458e+04
203     2.686749272869322886e+04
204     2.729922045333258939e+04
205     2.726578689940398544e+04
206     2.769049434095238757e+04
207     2.778389258025824893e+04
208     2.878587815598615634e+04
209     2.909497081953689121e+04
210     2.905130787821911872e+04
211     2.991776907424253659e+04
212     3.053907480822180150e+04
213     3.128166156220405173e+04
214     3.184703957711062321e+04
215     3.220970060584880412e+04
216     3.273184160716737460e+04
217     3.348213590627571102e+04
218     3.408194134050436696e+04
219     3.392631806029883592e+04
220     3.439652737772532419e+04
221     3.546539593857325963e+04
222     3.645490748508379329e+04
223     3.721429803152430395e+04
224     3.714568769737660477e+04
225     3.739230839821484551e+04
226     3.925742507940088399e+04
227     3.945027403678427072e+04
228     3.991614753992229089e+04
229     4.034534265565041278e+04
230     4.038617385592141363e+04
231     4.079915232961587753e+04
232     4.119348409389372682e+04
233     4.192493235296169587e+04
234     4.204948481322670705e+04
235     4.284825802548776846e+04
236     4.266670153243355890e+04
237     4.301269530873020267e+04
238     4.383788129930395371e+04
239     4.412341905572173710e+04
240     4.393957407113882800e+04
241     4.453351384517621045e+04
242     4.482568382722594833e+04
243     4.475365995798146469e+04
244     4.457024611388618359e+04
245     4.461980736251548660e+04
246     4.449567001251228794e+04
247     4.468168730572043569e+04
248     4.479994758404679305e+04
249     4.462002983773996675e+04
250     4.444155044562961848e+04
251     4.512961705439951766e+04
252     4.554947376725819049e+04
253     4.623989040672684496e+04
254     4.682204734629709856e+04
255     4.692474255172899575e+04
256     4.702987935883348109e+04
257     4.862120343140081241e+04
258     4.960348496425624035e+04
259     5.052493405980560783e+04
260     5.048021803201342846e+04
261     5.141570424853653822e+04
262     5.234545803680499375e+04
263     5.365934970324728783e+04
264     5.503962603535465314e+04
265     5.808891080343283829e+04
266     5.924025492712386040e+04
267     5.931645826822810341e+04
268     6.049109166341218224e+04
269     6.327885853548322484e+04
270     6.361513028702409065e+04
271     6.426355192844947305e+04
272     6.498018507070359919e+04
273     6.736469080557151756e+04
274     6.725278861705487361e+04
275     6.868211367416768917e+04
276     6.855938545039662858e+04
277     7.107880661432072520e+04
278     7.283051220068594557e+04
279     7.346174517642993305e+04
280     7.513196100446351920e+04
281     7.628464872284929152e+04
282     7.759837810492138669e+04
283     7.732418112500000279e+04
284     7.939494077193456178e+04
285     8.003516090039045957e+04
286     8.013782914886258368e+04
287     8.125813080814898422e+04
288     8.358119612786773359e+04
289     8.440421610947691079e+04
290     8.547565777322700887e+04
291     8.518194030589012254e+04
292     8.554195932192154578e+04
293     8.648380115596410178e+04
294     8.750291126795260061e+04
295     8.786050677734312194e+04
296     9.061321583007134905e+04
297     9.075674583073932445e+04
298     9.347647758335352410e+04
299     9.421593425786441367e+04
300     9.523505228927171265e+04
301     9.636817855199000041e+04
302     9.674684028955431131e+04
303     9.741581307836594351e+04
304     9.849189209066737385e+04
305     9.847003870140231447e+04
306     9.965519320444198092e+04
307     9.979565057626747875e+04
308     1.020906112549328100e+05
309     1.033018009309289337e+05
310     1.059182990941948956e+05
311     1.065059321472068405e+05
312     1.083711094414846302e+05
313     1.106024449521945207e+05
314     1.115368423037106259e+05
315     1.135386683571624599e+05
316     1.134770518157293118e+05
317     1.142860041014508315e+05
318     1.160056811298388930e+05
319     1.165709892444046272e+05
320     1.166057010311004851e+05
321     1.187062722826882091e+05
322     1.199777753783353692e+05
323     1.196063338253422407e+05
324     1.199038929556103685e+05
325     1.195349560756998690e+05
326     1.197076752863963338e+05
327     1.194389095693062554e+05
328     1.221201776354460599e+05
329     1.222906856837776140e+05
330     1.236993575998204906e+05
331     1.269150528265224420e+05
332     1.285217174710670952e+05
333     1.286641582191519847e+05
334     1.298146495724251872e+05
335     1.308389468614629441e+05
336     1.305801073917704198e+05
337     1.311465188090796873e+05
338     1.310180820813514874e+05
339     1.306315970264362695e+05
340     1.312451008751618501e+05
341     1.312984540663963417e+05
342     1.314422905043425562e+05
343     1.311514224572507956e+05
344     1.312904810737837688e+05
345     1.319606052813389397e+05
346     1.318031441301944142e+05
347     1.328022252598617051e+05
348     1.329647938611585414e+05
349     1.331795125222041970e+05
350     1.339072746233647922e+05
351     1.340534523567274737e+05
352     1.344261825889910397e+05
353     1.352305203699962585e+05
354     1.359942509393086657e+05
355     1.361756888035633601e+05
356     1.376612674143983750e+05
357     1.375372120635619212e+05
358     1.371530322781137947e+05
359     1.374128504775097826e+05
360     1.380760623015557649e+05
361     1.379108138371669629e+05
362     1.375561740877869888e+05
363     1.382418743549768114e+05
364     1.382206333456264692e+05
365     1.394281987338525651e+05
366     1.405931646370785893e+05
367     1.402100809495137364e+05
368     1.405980903305534448e+05
369     1.420806566904448555e+05
370     1.416966771896111604e+05
371     1.417247785486981447e+05
372     1.424945768306409882e+05
373     1.438234721003680315e+05
374     1.445186819437593222e+05
375     1.472472487587145588e+05
376     1.486692313892370148e+05
377     1.487745074375060794e+05
378     1.490797729800798115e+05
379     1.493328094278801582e+05
380     1.501763360099310812e+05
381     1.522579813795565860e+05
382     1.520505154330663790e+05
383     1.517927855980253080e+05
384     1.541116278699116374e+05
385     1.557683356015367317e+05
386     1.558684011948011175e+05
387     1.569828983274597849e+05
388     1.565783113638033392e+05
389     1.566772320299120911e+05
390     1.565019594595714589e+05
391     1.580057926981273631e+05
392     1.586796967592485889e+05
393     1.584687650542452175e+05
394     1.580665625401527213e+05
395     1.578380868170198519e+05
396     1.575061760849497805e+05
397     1.572971267090512847e+05
398     1.569873096126817109e+05
399     1.569527322219673952e+05
400     1.573984609478849161e+05
401     1.588842238197303668e+05
402     1.619013480133321136e+05
403     1.628266975037144730e+05
404     1.624236811596709595e+05
405     1.621351050743543019e+05
406     1.621483652587608667e+05
407     1.630029518910662737e+05
408     1.653634363601185032e+05
409     1.661311532935649157e+05
410     1.668898808891359949e+05
411     1.668428494451443257e+05
412     1.670198680688470195e+05
413     1.678283769992186280e+05
414     1.674996704123306845e+05
415     1.672814710263851448e+05
416     1.683751363526652858e+05
417     1.683114179865801707e+05
418     1.688837974048794713e+05
419     1.692035425330238650e+05
420     1.691753561188126914e+05
421     1.697638120594194334e+05
422     1.698983256452718924e+05
423     1.698674047860828287e+05
424     1.696785973220602609e+05
425     1.693263287139147287e+05
426     1.691604712771966588e+05
427     1.693652096598701028e+05
428     1.689695074937138997e+05
429     1.687182452708906494e+05
430     1.684741324307713367e+05
431     1.689343821933480504e+05
432     1.690437269682853075e+05
433     1.697742214565974718e+05
434     1.699008868519357638e+05
435     1.696886023436415417e+05
436     1.702162920228060684e+05
437     1.704014282289459370e+05
438     1.701309588127037860e+05
439     1.706063103024248849e+05
440     1.709332623241874098e+05
441     1.711014169105502078e+05
442     1.708299597524602723e+05
443     1.707323004460894736e+05
444     1.715291597285296593e+05
445     1.712481568551246019e+05
446     1.713040515722967975e+05
447     1.721800018999855674e+05
448     1.742141287707303709e+05
449     1.744462552934533451e+05
450     1.772075989242979267e+05
451     1.775200162018895498e+05
452     1.778757486662296869e+05
453     1.793791935415841290e+05
454     1.799959682124356623e+05
455     1.798226694842579600e+05
456     1.794283345136864518e+05
457     1.790357200580674398e+05
458     1.801546417790309933e+05
459     1.806583527595050982e+05
460     1.802656255274736614e+05
461     1.801303067799652054e+05
462     1.800102948677654495e+05
463     1.808588585162276577e+05
464     1.822753120698801067e+05
465     1.820217553220076661e+05
466     1.820480360167449981e+05
467     1.822681341792516178e+05
468     1.821780286544831179e+05
469     1.824094115817697020e+05
470     1.820213183444045717e+05
471     1.843522741151642404e+05
472     1.844571753683780844e+05
473     1.842301220533212763e+05
474     1.852195816778984736e+05
475     1.856373921593726263e+05
476     1.866481975364652753e+05
477     1.874868527230161417e+05
478     1.873698862817025511e+05
479     1.878784513327188906e+05
480     1.875874423226316576e+05
481     1.874603061912884004e+05
482     1.876065348958763061e+05
483     1.872181268130753888e+05
484     1.868313254139669589e+05
485     1.866711431358590780e+05
486     1.863657588327546546e+05
487     1.868980357039543451e+05
488     1.867379569365173229e+05
489     1.865589517082723323e+05
490     1.870457566379935597e+05
491     1.872307706309958594e+05
492     1.872634765079493227e+05
493     1.873795972163176921e+05
494     1.871108235617315513e+05
495     1.889386574412062182e+05
496     1.892732205049792246e+05
497     1.888924300606636389e+05
498     1.891369580386587186e+05
499     1.898856550347325974e+05
500     1.897645612086547480e+05
501     1.903950490002912120e+05
502     1.925681884924754268e+05
503     1.945661660401555710e+05
504     1.970897699907157221e+05
505     1.973845127399505000e+05
506     1.969944537730117445e+05
507     1.981665179779251339e+05
508     1.987322399762184359e+05
509     1.988514214389746485e+05
510     1.993448749154848338e+05
511     2.011374151334961643e+05
512     2.020325484759199608e+05
513     2.034381492107361264e+05
514     2.039001361205797293e+05
515     2.046043283394215396e+05
516     2.047316021063192165e+05
517     2.047770702284636500e+05
518     2.057919655871780124e+05
519     2.065166564308706438e+05
520     2.070098054769230948e+05
521     2.079686038377741934e+05
522     2.099222579248461407e+05
523     2.102747283115121536e+05
524     2.113217717463157896e+05
525     2.119408127543716982e+05
526     2.126780327070675266e+05
527     2.122745067438382248e+05
528     2.136947441988696519e+05
529     2.138788471020116122e+05
530     2.135711307466796716e+05
531     2.147025159856012033e+05
532     2.142989710473145242e+05
533     2.143948781034213898e+05
534     2.139934159230532823e+05
535     2.137435337076788710e+05
536     2.148348011442259303e+05
537     2.153676414629352512e+05
538     2.159161592627556820e+05
539     2.158593184201601252e+05
540     2.158878076016084524e+05
541     2.161144431692939834e+05
542     2.166669567312683794e+05
543     2.162679636537995248e+05
544     2.166533582480424084e+05
545     2.168249437216010410e+05
546     2.166812716278935841e+05
547     2.174622245114086836e+05
548     2.170654295375244692e+05
549     2.168413819279119198e+05
550     2.170502399152497237e+05
551     2.173050781819578842e+05
552     2.175405048667026567e+05
553     2.177902552629730199e+05
554     2.180583035169373034e+05
555     2.177812428796797467e+05
556     2.178428231286816881e+05
557     2.175020084716526617e+05
558     2.173462075983174436e+05
559     2.177966755023267760e+05
560     2.175906572002207395e+05
561     2.175441752306704293e+05
562     2.178285525994855270e+05
563     2.174416677507951099e+05
564     2.178141570258913271e+05
565     2.190602797118655872e+05
566     2.190752047515340964e+05
567     2.214217983073281648e+05
568     2.215083502845278708e+05
569     2.226073320942855207e+05
570     2.225376282089583401e+05
571     2.227849692652284866e+05
572     2.225597165751159773e+05
573     2.229112014784691564e+05
574     2.226017383221456257e+05
575     2.227734067739489838e+05
576     2.232352436349143973e+05
577     2.235316010688492097e+05
578     2.242763956273939693e+05
579     2.243821669679423794e+05
580     2.241826620594758133e+05
581     2.237968435254629003e+05
582     2.241258908175939287e+05
583     2.238342929168391274e+05
584     2.239288287867294275e+05
585     2.240865034604764369e+05
586     2.245822005935908528e+05
587     2.248820063324416988e+05
588     2.247403514466892811e+05
589     2.247185851827104925e+05
590     2.244379763251454278e+05
591     2.243392508690037648e+05
592     2.248224868476254342e+05
593     2.261190625780901755e+05
594     2.260843194914819032e+05
595     2.258449274510148098e+05
596     2.273381449674329488e+05
597     2.272584752094775904e+05
598     2.285914117335977789e+05
599     2.290159392000976950e+05
600     2.299395336075526429e+05
601     2.302733561034727609e+05
602     2.314125850824014342e+05
603     2.317466291025304527e+05
604     2.313629761826404720e+05
605     2.319549955330818193e+05
606     2.334575283243008889e+05
607     2.350689195308658527e+05
608     2.357799307698874036e+05
609     2.360289498799449066e+05
610     2.359259261794892955e+05
611     2.369263599220255273e+05
612     2.372939886883335712e+05
613     2.380370708771930367e+05
614     2.383424156288919621e+05
615     2.385634785462142900e+05
616     2.390649261501067085e+05
617     2.393541524087316939e+05
618     2.391243455156625423e+05
619     2.391684359369334707e+05
620     2.389559229128022562e+05
621     2.391402043331860623e+05
622     2.390939900102860702e+05
623     2.395462103176321834e+05
624     2.397676978175786207e+05
625     2.397469112312426150e+05
626     2.396440401151292026e+05
627     2.398582572911281022e+05
628     2.405743678577610699e+05
629     2.401919040339228522e+05
630     2.415567985086748376e+05
631     2.423389370904901298e+05
632     2.440828476902676048e+05
633     2.437756363497104612e+05
634     2.447936670155498141e+05
635     2.447686958273527271e+05
636     2.469756180422462930e+05
637     2.476721048229623120e+05
638     2.477234222042661568e+05
639     2.476163552056151093e+05
640     2.472294736186115188e+05
641     2.484828174871114315e+05
642     2.483169117817774822e+05
643     2.488636556827060704e+05
644     2.494115191076416231e+05
645     2.520859487183466554e+05
646     2.518505906711855205e+05
647     2.530886226332558144e+05
648     2.537693743197034928e+05
649     2.535292210605537985e+05
650     2.534083797671594366e+05
651     2.537048938757565629e+05
652     2.539079085233536898e+05
653     2.537926952632408356e+05
654     2.538539825628203107e+05
655     2.548944886801882822e+05
656     2.545059375343936263e+05
657     2.550553802505753993e+05
658     2.553348636530790536e+05
659     2.554969903294742107e+05
660     2.559679519598447951e+05
661     2.567998101472090930e+05
662     2.566788591004249174e+05
663     2.577806464632700372e+05
664     2.574804451544946060e+05
665     2.573168308036304952e+05
666     2.575027446746425412e+05
667     2.579700766944349743e+05
668     2.580315164502664702e+05
669     2.589399807604970702e+05
670     2.585535075909888837e+05
671     2.584649342465166701e+05
672     2.589140161662385508e+05
673     2.591067019777892274e+05
674     2.588627042918264051e+05
675     2.584791982269392756e+05
676     2.595734511214851227e+05
677     2.600783664586890081e+05
678     2.599661287531026173e+05
679     2.596890075452631572e+05
680     2.598772976714122342e+05
681     2.608481149526082154e+05
682     2.608883456802598084e+05
683     2.617257816724648583e+05
684     2.619863196906002704e+05
685     2.632268192878977861e+05
686     2.628431051287322771e+05
687     2.629789838718934334e+05
688     2.628449039300604491e+05
689     2.632608524466427625e+05
690     2.639094362309715361e+05
691     2.643728043559706421e+05
692     2.641550293239022722e+05
693     2.643373808235870674e+05
694     2.641437390457543079e+05
695     2.642356723970457679e+05
696     2.652127442178063793e+05
697     2.670787272210437804e+05
698     2.668496001205681823e+05
699     2.664678385286945850e+05
700     2.668926076235603541e+05
701     2.673799753716813866e+05
702     2.673025921473635826e+05
703     2.679282795559122460e+05
704     2.676736384763993556e+05
705     2.680796325764830690e+05
706     2.683920921719399048e+05
707     2.692115361279238132e+05
708     2.688312954245024594e+05
709     2.697604119766459917e+05
710     2.709049997278311057e+05
711     2.714268306458704174e+05
712     2.718546977944279206e+05
713     2.714734314880364691e+05
714     2.716343455485807499e+05
715     2.736304956932783825e+05
716     2.740356154196939897e+05
717     2.743072409273638623e+05
718     2.748426514931217534e+05
719     2.756134484140839777e+05
720     2.758196856188275851e+05
721     2.763496177139616921e+05
722     2.765538358326386660e+05
723     2.765591824358863523e+05
724     2.780618081799254287e+05
725     2.782554931584908045e+05
726     2.784404599789995700e+05
727     2.784003712858810904e+05
728     2.784830207932806225e+05
729     2.788935040991643909e+05
730     2.795706555151046487e+05
731     2.796821366154526477e+05
732     2.804022303424135316e+05
733     2.802678428764158743e+05
734     2.798860081681565498e+05
735     2.811857788224161486e+05
736     2.810614052043388365e+05
737     2.828490354785243981e+05
738     2.848152067103824229e+05
739     2.877548431680127396e+05
740     2.892058298882915988e+05
741     2.912057827694189618e+05
742     2.939020184991134447e+05
743     2.940300832895334461e+05
744     2.938433806206885492e+05
745     2.943068689426575438e+05
746     2.941107395175190177e+05
747     2.939508302630810067e+05
748     2.952201857277318486e+05
749     2.964413137068097130e+05
750     2.967414757814921904e+05
751     2.973662035430792603e+05
752     2.975422470407476067e+05
753     2.990063360180022428e+05
754     2.989942969298825483e+05
755     2.991546041589794913e+05
756     2.997889274239721708e+05
757     2.997056846843856038e+05
758     3.025467773324092850e+05
759     3.039322805828325800e+05
760     3.046039780608337023e+05
761     3.066554456092103501e+05
762     3.070824621369881206e+05
763     3.078779214191840147e+05
764     3.075757892872277880e+05
765     3.083686313371709548e+05
766     3.088624016654031002e+05
767     3.093468271863428527e+05
768     3.089440361207879614e+05
769     3.094486892424060497e+05
770     3.100610654670036747e+05
771     3.111726394042755128e+05
772     3.113635200214275974e+05
773     3.116774822097973083e+05
774     3.127447833595407428e+05
775     3.134996478971941979e+05
776     3.137447070433645858e+05
777     3.138587558177172905e+05
778     3.146881943105671089e+05
779     3.148240939922747784e+05
780     3.151525259254989214e+05
781     3.150935521521382034e+05
782     3.151707652080764528e+05
783     3.152145184576826287e+05
784     3.156921209178162389e+05
785     3.157792709517666954e+05
786     3.163055379615593702e+05
787     3.167842050797097618e+05
788     3.167229313184387865e+05
789     3.170950516602464486e+05
790     3.174850929741510772e+05
791     3.178400355138445157e+05
792     3.187285316580162034e+05
793     3.189446753954034648e+05
794     3.185429803332471056e+05
795     3.184076631391487899e+05
796     3.181628866843009600e+05
797     3.185806628635370871e+05
798     3.189659171047157724e+05
799     3.194645046343972790e+05
800     3.197259425568188890e+05
801     3.199434598423941061e+05
802     3.196993098354234826e+05
803     3.197646177760286955e+05
804     3.200779116733501432e+05
805     3.197818745348054217e+05
806     3.206681310794269666e+05
807     3.205574847792635555e+05
808     3.201607652142418665e+05
809     3.200253285470673582e+05
810     3.199867951721220743e+05
811     3.200521067831446999e+05
812     3.200837604713832261e+05
813     3.214159801382938749e+05
814     3.214549588951724581e+05
815     3.210605634025182808e+05
816     3.215487373536737286e+05
817     3.211551918477939325e+05
818     3.208437692159737926e+05
819     3.223419582404288230e+05
820     3.227215256678465521e+05
821     3.241296139159764862e+05
822     3.263567821124123875e+05
823     3.260274085160208633e+05
824     3.264607105027292855e+05
825     3.279015143017002847e+05
826     3.281396462724069133e+05
827     3.280348967491043149e+05
828     3.294485401480661239e+05
829     3.300964705314266030e+05
830     3.308225869646293577e+05
831     3.320322509527219809e+05
832     3.319324659069482586e+05
833     3.325405619450768572e+05
834     3.333297347394797252e+05
835     3.337630126991223660e+05
836     3.339200621291904245e+05
837     3.351436015897294856e+05
838     3.365141071447234717e+05
839     3.371019686466184212e+05
840     3.369455285687925061e+05
841     3.377027842482091510e+05
842     3.378114668089837069e+05
843     3.384080491337111453e+05
844     3.382976283552796813e+05
845     3.382272974513810477e+05
846     3.382048857272021705e+05
847     3.389452343222574564e+05
848     3.387255867126357625e+05
849     3.399481079293229850e+05
850     3.404756544480412267e+05
851     3.422018014367309515e+05
852     3.438428924124551122e+05
853     3.444456784336406272e+05
854     3.458198932216827525e+05
855     3.469680552875329740e+05
856     3.475009720337899053e+05
857     3.504400210924761486e+05
858     3.520294889441240812e+05
859     3.529660818624682142e+05
860     3.543171873644728912e+05
861     3.564420840883726487e+05
862     3.573153635440219077e+05
863     3.569924232533995528e+05
864     3.595572566084908904e+05
865     3.597265728919823305e+05
866     3.597572137360643246e+05
867     3.603822200510003022e+05
868     3.609235130871822475e+05
869     3.611936598066801671e+05
870     3.614978462778340909e+05
871     3.635528887794937473e+05
872     3.648156223018799210e+05
873     3.647397970890061697e+05
874     3.646054757855652715e+05
875     3.652675889548335108e+05
876     3.655644796104521956e+05
877     3.654915904786139727e+05
878     3.661136804208427784e+05
879     3.676243713798509561e+05
880     3.674193829092389788e+05
881     3.679668228948169271e+05
882     3.678624950173051911e+05
883     3.682716180719548720e+05
884     3.678550331097851740e+05
885     3.678020862359791645e+05
886     3.673869532941649086e+05
887     3.699141103890017839e+05
888     3.697267585039662663e+05
889     3.698741725081541808e+05
890     3.700933789459238760e+05
891     3.704359985509137623e+05
892     3.734971396714642178e+05
893     3.730788678541327245e+05
894     3.748238028632367495e+05
895     3.748996911950666108e+05
896     3.758545380147453980e+05
897     3.756652757531374809e+05
898     3.763584593856026768e+05
899     3.776478668501632637e+05
900     3.788406229724491714e+05
901     3.784680316357944394e+05
902     3.787866950646460173e+05
903     3.786115938979657367e+05
904     3.791748418623209000e+05
905     3.797648384920534445e+05
906     3.795673813619288849e+05
907     3.796472111121101771e+05
908     3.792291156167944428e+05
909     3.801829861485966831e+05
910     3.797652002866345574e+05
911     3.818459425968674477e+05
912     3.823838173065754818e+05
913     3.847490644086443353e+05
914     3.844988957238258445e+05
915     3.841319583065704210e+05
916     3.845357835757536232e+05
917     3.846724067727943766e+05
918     3.870510455900364905e+05
919     3.892456980060594506e+05
920     3.888226013951562345e+05
921     3.884004245070318575e+05
922     3.890539617017980199e+05
923     3.899671389350289828e+05
924     3.895451381677196478e+05
925     3.895940252961910446e+05
926     3.906896805909925606e+05
927     3.918049081039828598e+05
928     3.936017353188873385e+05
929     3.943595371757276007e+05
930     3.980796032414417132e+05
931     3.987356429957456421e+05
932     3.997146354218867491e+05
933     4.000982585844096029e+05
934     4.000253268242376507e+05
935     4.012696634909231798e+05
936     4.018571408465637942e+05
937     4.022228563689960865e+05
938     4.017940848086783662e+05
939     4.031039268037984730e+05
940     4.026750960718857823e+05
941     4.023755779120927909e+05
942     4.023707574300653068e+05
943     4.019440583850136609e+05
944     4.044563856482760166e+05
945     4.052396300971379969e+05
946     4.051459550657423679e+05
947     4.051131445167459897e+05
948     4.058078865739398752e+05
949     4.054590895386955817e+05
950     4.065023239239029353e+05
951     4.063738238880262943e+05
952     4.067734203866117750e+05
953     4.079656304944424774e+05
954     4.075379943754073465e+05
955     4.089599697036450380e+05
956     4.085321826303850394e+05
957     4.081052895837636897e+05
958     4.076792877640845836e+05
959     4.083990195120233693e+05
960     4.084654575646966696e+05
961     4.086317690555730951e+05
962     4.093315683616986498e+05
963     4.090162487733713351e+05
964     4.088886315393733094e+05
965     4.085196615314171650e+05
966     4.085984484608705388e+05
967     4.094347693187330151e+05
968     4.093921672074606759e+05
969     4.098303242360062432e+05
970     4.097840987743424485e+05
971     4.094244111711450969e+05
972     4.091420276419130387e+05
973     4.093632896255356027e+05
974     4.094731549769015401e+05
975     4.101055405109162675e+05
976     4.101898796740364050e+05
977     4.108405060056466027e+05
978     4.107945772640481009e+05
979     4.109200011510314071e+05
980     4.112294645889499807e+05
981     4.108102476829079096e+05
982     4.123177188970721909e+05
983     4.127501724051014753e+05
984     4.131247867981897434e+05
985     4.127053480646039243e+05
986     4.127029080414336640e+05
987     4.129355577239503036e+05
988     4.135729776116798166e+05
989     4.131547876691920683e+05
990     4.135129719151504687e+05
991     4.137787210003207438e+05
992     4.142120083369839704e+05
993     4.137948614308002288e+05
994     4.137934258248177357e+05
995     4.133775411559847998e+05
996     4.134066735071412986e+05
997     4.129920128135994892e+05
998     4.125781831235684222e+05
999     4.125796772481118678e+05
1000    4.126898643843373284e+05
1001    4.124075023157539545e+05
1002    4.128195211546413484e+05
1003    4.131487713792396244e+05
1004    4.140851942177002202e+05
1005    4.141772235482353717e+05
1006    4.142987402673658798e+05
1007    4.143133771610668045e+05
1008    4.147009011508447002e+05
1009    4.144030904371234355e+05
1010    4.145135124496881617e+05
1011    4.143142434581152047e+05
1012    4.140535505135726999e+05
1013    4.139554233117610565e+05
1014    4.138326451137810363e+05
1015    4.134979601296447800e+05
1016    4.137442513674101792e+05
1017    4.134818380282845465e+05
1018    4.134535901132564759e+05
1019    4.132820016579717048e+05
1020    4.128768272060243762e+05
1021    4.126931516767652938e+05
1022    4.132777900309407851e+05
1023    4.128738136756909662e+05
1024    4.125068524967409321e+05
1025    4.123258051131302491e+05
1026    4.120851130730368313e+05
1027    4.121126600732141524e+05
1028    4.120131824162647245e+05
1029    4.120417783022103831e+05
1030    4.116417515030151699e+05
1031    4.116085299672328983e+05
1032    4.112097034498141729e+05
1033    4.108735378204607987e+05
1034    4.105213541309943539e+05
1035    4.106206807403131970e+05
1036    4.114576702099405229e+05
1037    4.110609336061248905e+05
1038    4.110316728729685419e+05
1039    4.106477184299289947e+05
1040    4.108892570152729168e+05
1041    4.107076734758039238e+05
1042    4.103135474709813716e+05
1043    4.102977197233034531e+05
1044    4.102858394745137775e+05
1045    4.100750935117744957e+05
1046    4.102618969199141720e+05
1047    4.100515736414180719e+05
1048    4.097505820156533155e+05
1049    4.095808926254658727e+05
1050    4.091908406659153989e+05
1051    4.090018641690710210e+05
1052    4.088568183293850161e+05
1053    4.085002934364433750e+05
1054    4.081294869533177116e+05
1055    4.077593804336222238e+05
1056    4.073732576510452200e+05
1057    4.069878624778656522e+05
1058    4.068660310938592884e+05
1059    4.065015229194863350e+05
1060    4.063347322390706395e+05
1061    4.059517581585487933e+05
1062    4.057662514205261832e+05
1063    4.056210860665822984e+05
1064    4.054465111665254226e+05
1065    4.052723237037490471e+05
1066    4.048921342347773025e+05
1067    4.048290802733281744e+05
1068    4.045853594527825480e+05
1069    4.042633532460606075e+05
1070    4.040814596877261647e+05
1071    4.038665653251600452e+05
1072    4.036705921898787492e+05
1073    4.033235608009438147e+05
1074    4.029480138200077345e+05
1075    4.025731641012468026e+05
1076    4.023806031212654198e+05
1077    4.021306650114656659e+05
1078    4.017576144745869678e+05
1079    4.013928812102967640e+05
1080    4.010212052482201252e+05
1081    4.007034812654370908e+05
1082    4.004999220285814954e+05
1083    4.002892796586088953e+05
1084    4.001172336480046506e+05
1085    3.998039772619575961e+05
1086    3.994382016295694630e+05
1087    3.992238589780150796e+05
1088    3.989132559612215264e+05
1089    3.985614232808313682e+05
1090    3.982632822048868984e+05
1091    3.979319549468107871e+05
1092    3.976241676731329062e+05
1093    3.973274855704380316e+05
1094    3.969996136530422955e+05
1095    3.969376391948976670e+05
1096    3.966247226647112984e+05
1097    3.962631539456853643e+05
1098    3.960871433420024114e+05
1099    3.958325052398119587e+05
1100    3.954726430606483482e+05
1101    3.951410938655560021e+05
1102    3.947825103962831781e+05
1103    3.944521874296510359e+05
1104    3.941104531626364915e+05
1105    3.938701013192383689e+05
1106    3.935809841991845751e+05
1107    3.932664627513828455e+05
1108    3.929756652091888827e+05
1109    3.926642474801259814e+05
1110    3.924076371389312553e+05
1111    3.920544190063677379e+05
1112    3.917512787105023745e+05
1113    3.916358726721429848e+05
1114    3.915466716378701385e+05
1115    3.911954948552639107e+05
1116    3.910690651808854891e+05
1117    3.908595734562902362e+05
1118    3.905738819357305765e+05
1119    3.902560451945040841e+05
1120    3.899075888003029395e+05
1121    3.895948784696440562e+05
1122    3.892827238119451795e+05
1123    3.890090741392027121e+05
1124    3.887139948772456264e+05
1125    3.884435736389830709e+05
1126    3.882118938927443232e+05
1127    3.879186660445906455e+05
1128    3.877980076346201822e+05
1129    3.876144465313734254e+05
1130    3.873299349950125907e+05
1131    3.870020798509112792e+05
1132    3.867051769389245892e+05
1133    3.865047954006406944e+05
1134    3.863161150435509626e+05
1135    3.860594022259425255e+05
1136    3.857642601453180541e+05
1137    3.854249727737507201e+05
1138    3.851038567651073681e+05
1139    3.847657468413782190e+05
1140    3.844282305048392736e+05
1141    3.840913034731763764e+05
1142    3.837549665148215136e+05
1143    3.834192147002445417e+05
1144    3.831736304169879877e+05
1145    3.828389741850539576e+05
1146    3.825294208336750744e+05
1147    3.821959076591687044e+05
1148    3.819265445155868074e+05
1149    3.815941359610187355e+05
1150    3.812623063745176769e+05
1151    3.809577002972201444e+05
1152    3.806773298197142431e+05
1153    3.803471593896475388e+05
1154    3.800614837854438229e+05
1155    3.797543631056207232e+05
1156    3.794258494699290604e+05
1157    3.790979032152456930e+05
1158    3.789259521291946876e+05
1159    3.785990032742485055e+05
1160    3.782726167345259455e+05
1161    3.779467924496674095e+05
1162    3.776478439239693107e+05
1163    3.773848474053583923e+05
1164    3.770845618023940478e+05
1165    3.767728356223500450e+05
1166    3.764496945841382840e+05
1167    3.761271075066981721e+05
1168    3.758100365607709391e+05
1169    3.755364548397425679e+05
1170    3.752220822834458668e+05
1171    3.749108476821341319e+05
1172    3.746237578009514255e+05
1173    3.743545260781188845e+05
1174    3.740927233243183000e+05
1175    3.738253258308538934e+05
1176    3.735560133068674477e+05
1177    3.732386236488574650e+05
1178    3.729351552214498515e+05
1179    3.727723375446593272e+05
1180    3.725825514662034111e+05
1181    3.723911455901771551e+05
1182    3.721520266519215656e+05
1183    3.718374298312910832e+05
1184    3.716160039724757662e+05
1185    3.713816704027415835e+05
1186    3.710990130234246026e+05
1187    3.707863638610949274e+05
1188    3.705779587021357729e+05
1189    3.702899318198487745e+05
1190    3.699787498478105408e+05
1191    3.697932031174866133e+05
1192    3.695644111737768981e+05
1193    3.692613815989179420e+05
1194    3.689758139828631538e+05
1195    3.687028011065092287e+05
1196    3.683945059417314478e+05
1197    3.681251988615557202e+05
1198    3.678955658711764263e+05
1199    3.676829106543000089e+05
1200    3.674249807744764839e+05
1201    3.671955148145082057e+05
1202    3.669395233053077245e+05
1203    3.666772425771658309e+05
1204    3.663832708115218556e+05
1205    3.662080354072839255e+05
1206    3.659043647930823499e+05
1207    3.656620170799771440e+05
1208    3.653771310000233352e+05
1209    3.650749010315791820e+05
1210    3.648535899981281837e+05
1211    3.646985446685866336e+05
1212    3.644336506490895990e+05
1213    3.641543040539940703e+05
1214    3.639515798703084583e+05
1215    3.636946769897497725e+05
1216    3.634442688541410607e+05
1217    3.631532392627628869e+05
1218    3.630651867153943749e+05
1219    3.627673328838750604e+05
1220    3.624965956836795667e+05
1221    3.622416884785279399e+05
1222    3.619715198765485547e+05
1223    3.617702258843790041e+05
1224    3.615067187151106191e+05
1225    3.612436423601705465e+05
1226    3.610556145572449313e+05
1227    3.607613424131774809e+05
1228    3.605049682814463740e+05
1229    3.602871223252232303e+05
1230    3.601061614904197049e+05
1231    3.598136171571617015e+05
1232    3.595311893427547766e+05
1233    3.592395850426100078e+05
1234    3.589677069939560024e+05
1235    3.587015513743864722e+05
1236    3.584524127331376076e+05
1237    3.582445645444737165e+05
1238    3.580535285998735344e+05
1239    3.578713532720062649e+05
1240    3.576335770155977807e+05
1241    3.574161999956303625e+05
1242    3.572045727748187492e+05
1243    3.569171880961881252e+05
1244    3.566998683104934171e+05
1245    3.564320678853974096e+05
1246    3.561459947534559178e+05
1247    3.558603801842753310e+05
1248    3.556207521455550450e+05
1249    3.553463686063377536e+05
1250    3.550993160884692916e+05
1251    3.548901136623342754e+05
1252    3.546066422054965515e+05
1253    3.543722721861524042e+05
1254    3.541015921125484165e+05
1255    3.538194261183317867e+05
1256    3.535377094542352133e+05
1257    3.532949122786577209e+05
1258    3.530140607310526539e+05
1259    3.527843016286423663e+05
1260    3.525276804573347908e+05
1261    3.522666643677536049e+05
1262    3.519875177640224574e+05
1263    3.517088131167047541e+05
1264    3.514305498064433341e+05
1265    3.512032902087573893e+05
1266    3.509981577562916791e+05
1267    3.507247448543538339e+05
1268    3.504481347394990153e+05
1269    3.501902952799615450e+05
1270    3.499230047666417086e+05
1271    3.496626887942021131e+05
1272    3.494168589271315141e+05
1273    3.491617555276005878e+05
1274    3.488932385189027991e+05
1275    3.486195842927824124e+05
1276    3.483753449102054001e+05
1277    3.481122155160668772e+05
1278    3.478579481764141819e+05
1279    3.475859600015251199e+05
1280    3.473143962369750952e+05
1281    3.470850371682371479e+05
1282    3.468410472568550613e+05
1283    3.465799403010574752e+05
1284    3.463546829794591176e+05
1285    3.461004704256549594e+05
1286    3.459270182452475419e+05
1287    3.456743182194646797e+05
1288    3.454059245897775399e+05
1289    3.451379475170564256e+05
1290    3.449185519613482757e+05
1291    3.447356117202193127e+05
1292    3.444813145428075222e+05
1293    3.442633698403429589e+05
1294    3.440342728817235911e+05
1295    3.437737896307106712e+05
1296    3.435231814129140694e+05
1297    3.432821774100767798e+05
1298    3.430437758325967006e+05
1299    3.428461895833628951e+05
1300    3.426355488419165486e+05
1301    3.424887189285291242e+05
1302    3.422955713924085139e+05
1303    3.420538829852552153e+05
1304    3.417915599517532391e+05
1305    3.415506269242432900e+05
1306    3.413911738843255443e+05
1307    3.411461292368494906e+05
1308    3.409640144509861711e+05
1309    3.407345785484822118e+05
1310    3.405352097959683742e+05
1311    3.403686545840979670e+05
1312    3.401536549736206071e+05
1313    3.399455192781292135e+05
1314    3.396883614547250909e+05
1315    3.394931805944044609e+05
1316    3.392417830772539601e+05
1317    3.391293868227045750e+05
1318    3.389285353938245098e+05
1319    3.387637047377767740e+05
1320    3.385584354309907067e+05
1321    3.383860575956363464e+05
1322    3.382007630520662060e+05
1323    3.379451201758149546e+05
1324    3.377810056056842441e+05
1325    3.376627139550846769e+05
1326    3.374618976463968283e+05
1327    3.374059272634776426e+05
1328    3.372154681869995547e+05
1329    3.370188760900890920e+05
1330    3.368084508053864120e+05
1331    3.366347574919610051e+05
1332    3.364994331276192097e+05
1333    3.363171867920597433e+05
1334    3.360914330638885149e+05
1335    3.359394151034285896e+05
1336    3.356956142680352787e+05
1337    3.354445237883042428e+05
1338    3.352378217350391787e+05
1339    3.349874484577666735e+05
1340    3.347682116879518726e+05
1341    3.345185621112569352e+05
1342    3.342766755506076734e+05
1343    3.341174747229919885e+05
1344    3.339146523770277272e+05
1345    3.336966531764969113e+05
1346    3.334986308562303893e+05
1347    3.332651313520954573e+05
1348    3.330513338223458268e+05
1349    3.328462403225873131e+05
1350    3.326078463820419274e+05
1351    3.323776300931741716e+05
1352    3.321317780836884049e+05
1353    3.319293072933532530e+05
1354    3.316841495724117849e+05
1355    3.315102463689148426e+05
1356    3.312657589693811024e+05
1357    3.311433068681665463e+05
1358    3.309647129219897906e+05
1359    3.307211660733305034e+05
1360    3.305532238257041899e+05
1361    3.305008250919532147e+05
1362    3.302581567890076549e+05
1363    3.300678037852856796e+05
1364    3.298836178392042639e+05
1365    3.296804114143524203e+05
1366    3.294767782370578498e+05
1367    3.292852659104717895e+05
1368    3.290829698364474461e+05
1369    3.288861721340388758e+05
1370    3.286770718638176331e+05
1371    3.284818569234662573e+05
1372    3.282424284437802853e+05
1373    3.280700358097770368e+05
1374    3.278635967246462242e+05
1375    3.277969603267800412e+05
1376    3.276941070361210150e+05
1377    3.276135927125519956e+05
1378    3.276352252611309523e+05
1379    3.275666306187004666e+05
1380    3.273292571864113561e+05
1381    3.272124077154881670e+05
1382    3.271847040914708632e+05
1383    3.270714459099493688e+05
1384    3.268351171165135456e+05
1385    3.265991279304067721e+05
1386    3.263634791614122805e+05
1387    3.261281681628964725e+05
1388    3.259113676637305180e+05
1389    3.256767201775963767e+05
1390    3.254799950685749063e+05
1391    3.254258778219404048e+05
1392    3.253557257430033642e+05
1393    3.252221850322113023e+05
1394    3.252293241986128269e+05
1395    3.251783523290615994e+05
1396    3.249697812241949141e+05
1397    3.249034778254155535e+05
1398    3.248515523200762691e+05
1399    3.246968569366303855e+05
1400    3.245463951455987408e+05
1401    3.243880468159379670e+05
1402    3.241566610559847904e+05
1403    3.240135234414337319e+05
1404    3.238910696504281950e+05
1405    3.236991551988346037e+05
1406    3.235420946387548465e+05
1407    3.233121324529874255e+05
1408    3.232042344260116806e+05
1409    3.230739474853223655e+05
1410    3.228918088675535400e+05
1411    3.227912546375744278e+05
1412    3.228729572797636501e+05
1413    3.228434447264352930e+05
1414    3.230069244548738934e+05
1415    3.227786449952425319e+05
1416    3.226001401744227041e+05
1417    3.228465865958631621e+05
1418    3.229400386936714058e+05
1419    3.231344305300166598e+05
1420    3.231898358596507460e+05
1421    3.231380898647243157e+05
1422    3.230333708144685370e+05
1423    3.229447899600042729e+05
1424    3.228348287531750975e+05
1425    3.227326190579852555e+05
1426    3.227086669138840516e+05
1427    3.226745328218551585e+05
1428    3.225095810412396677e+05
1429    3.225038496041943436e+05
1430    3.223718151939465897e+05
1431    3.223795247661422472e+05
1432    3.223787208998913993e+05
1433    3.222685280939074000e+05
1434    3.221034217174283694e+05
1435    3.219526158453517128e+05
1436    3.220799702425186988e+05
1437    3.220867705616752501e+05
1438    3.219419641792717157e+05
1439    3.217959006487493753e+05
1440    3.217179166797437938e+05
1441    3.215993323639648734e+05
1442    3.213763039765011054e+05
1443    3.212874320475299028e+05
1444    3.210649285053896019e+05
1445    3.209689704273073585e+05
1446    3.207787857538005337e+05
1447    3.205923180709526059e+05
1448    3.205242384544896777e+05
1449    3.205759443001223844e+05
1450    3.203548512484059902e+05
1451    3.203974172692710999e+05
1452    3.202553174778047251e+05
1453    3.201718332997354446e+05
1454    3.200277928657386219e+05
1455    3.200354268517116434e+05
1456    3.198932774930659798e+05
1457    3.199063933314207825e+05
1458    3.199331962516808417e+05
1459    3.197643268136559636e+05
1460    3.197941872279941454e+05
1461    3.202959391482891515e+05
1462    3.203175462175259599e+05
1463    3.202853410790571943e+05
1464    3.202006200079370756e+05
1465    3.202056223187518772e+05
1466    3.200464589767926955e+05
1467    3.201097412069889833e+05
1468    3.200466909419166623e+05
1469    3.198288185826891568e+05
1470    3.196741069697760977e+05
1471    3.197071695267800242e+05
1472    3.195659050576753798e+05
1473    3.195648180832671351e+05
1474    3.195384677181849838e+05
1475    3.193858956416562432e+05
1476    3.192154852071421337e+05
1477    3.189993519615905243e+05
1478    3.188788919815043337e+05
1479    3.186913070642985404e+05
1480    3.185220641382641625e+05
1481    3.183069834421471460e+05
1482    3.182989624297721894e+05
1483    3.180843228890022147e+05
1484    3.178699730504389736e+05
1485    3.176559119083562982e+05
1486    3.174973120126528083e+05
1487    3.172837892286702408e+05
1488    3.172183917191741057e+05
1489    3.170918918259563507e+05
1490    3.169936779256035807e+05
1491    3.168635103038000525e+05
1492    3.166742414097770234e+05
1493    3.167081321608154103e+05
1494    3.165280013139135554e+05
1495    3.163880022993281600e+05
1496    3.165671795406212914e+05
1497    3.164290802670880221e+05
1498    3.164708845325233415e+05
1499    3.162986611644298537e+05
1500    3.164190859192481730e+05
1501    3.162538934466104838e+05
1502    3.163054321387991076e+05
1503    3.163854999762144871e+05
1504    3.162637624165657326e+05
1505    3.161430214386890875e+05
1506    3.161358159461494652e+05
1507    3.161465289664042066e+05
1508    3.162119234218904166e+05
1509    3.161519867427700083e+05
1510    3.159840593766094535e+05
1511    3.159476865503192530e+05
1512    3.160021300189574249e+05
1513    3.159518302819858072e+05
1514    3.158522405310829054e+05
1515    3.157919416999987443e+05
1516    3.157800483173989342e+05
1517    3.160822724563402589e+05
1518    3.158740447245212854e+05
1519    3.158711319645919139e+05
1520    3.158718637773738592e+05
1521    3.158179555122204474e+05
1522    3.156705094029665925e+05
1523    3.157108758758623153e+05
1524    3.156096175461691455e+05
1525    3.154026555490218452e+05
1526    3.154736067729333881e+05
1527    3.153305013264580048e+05
1528    3.152759732740393956e+05
1529    3.151749461174330791e+05
1530    3.155118942247193772e+05
1531    3.154812699817697285e+05
1532    3.153335933026294224e+05
1533    3.151881151063267607e+05
1534    3.150157626476433943e+05
1535    3.149032737228034530e+05
1536    3.148360491881540511e+05
1537    3.148531809923917754e+05
1538    3.147671706637479947e+05
1539    3.145892595859155408e+05
1540    3.144261326762192766e+05
1541    3.143858611330170534e+05
1542    3.142869967897351598e+05
1543    3.141480403966850135e+05
1544    3.140402368018334382e+05
1545    3.141065361143570044e+05
1546    3.140561341319975909e+05
1547    3.140093203197522089e+05
1548    3.140489188985748333e+05
1549    3.138461747012334527e+05
1550    3.137207627322704066e+05
1551    3.135908410883388715e+05
1552    3.136907079574990785e+05
1553    3.134887150347578572e+05
1554    3.134614906722808955e+05
1555    3.134540588581304182e+05
1556    3.132526084804317798e+05
1557    3.130896883256286383e+05
1558    3.129367741150580114e+05
1559    3.128207037689136923e+05
1560    3.126790009929594817e+05
1561    3.128540053504242678e+05
1562    3.126537122709034593e+05
1563    3.127663713498185389e+05
1564    3.128123218616461381e+05
1565    3.126808524421885377e+05
1566    3.126317806863137521e+05
1567    3.126417878251175862e+05
1568    3.126975376194609562e+05
1569    3.127649284249845659e+05
1570    3.125657120068280492e+05
1571    3.123667498016868485e+05
1572    3.122982238150768680e+05
1573    3.121422890390689136e+05
1574    3.120383567375699640e+05
1575    3.118827828303814749e+05
1576    3.116935513059737859e+05
1577    3.116366583329576533e+05
1578    3.117126157854906633e+05
1579    3.116436915914264973e+05
1580    3.116554471750945086e+05
1581    3.116375919755978393e+05
1582    3.116690710959744756e+05
1583    3.115286332850783947e+05
1584    3.114171194718226325e+05
1585    3.112297130137088825e+05
1586    3.112585608590620686e+05
1587    3.112954670312931412e+05
1588    3.111273038785381941e+05
1589    3.110456505519244238e+05
1590    3.109066884963223711e+05
1591    3.108036241660793312e+05
1592    3.106083926666963962e+05
1593    3.106039870691310498e+05
1594    3.106081275851508253e+05
1595    3.106900104531424586e+05
1596    3.107293423253479996e+05
1597    3.106800387411760166e+05
1598    3.105711692844767240e+05
1599    3.106586526458304143e+05
1600    3.107347140961730038e+05
1601    3.105748478526233230e+05
1602    3.104460907558327890e+05
1603    3.102524204178614891e+05
1604    3.100795863397847279e+05
1605    3.100073154041699017e+05
1606    3.099984214332310366e+05
1607    3.098055158384997630e+05
1608    3.096518902080063126e+05
1609    3.095892595949225943e+05
1610    3.093969638397726812e+05
1611    3.095005502588697709e+05
1612    3.095346823403739254e+05
1613    3.093427760649577831e+05
1614    3.092465628542223712e+05
1615    3.090788953862590715e+05
1616    3.090707968204891076e+05
1617    3.092212459036967484e+05
1618    3.091491175537129166e+05
1619    3.090773092367943609e+05
1620    3.089345739246050362e+05
1621    3.090301491078976542e+05
1622    3.089928856505482108e+05
1623    3.088473845648305141e+05
1624    3.087971457780700875e+05
1625    3.086811534673276474e+05
1626    3.086594256131712464e+05
1627    3.086484132987651974e+05
1628    3.086232010762803839e+05
1629    3.085985984314923990e+05
1630    3.084667845374475583e+05
1631    3.083331464022522559e+05
1632    3.082209895470607444e+05
1633    3.080427846033482929e+05
1634    3.079018117490960867e+05
1635    3.077134895467757015e+05
1636    3.076034317220855737e+05
1637    3.075882596558127552e+05
1638    3.074004728435113211e+05
1639    3.073495165958930738e+05
1640    3.073475364189905813e+05
1641    3.073212693305768189e+05
1642    3.073140901238237857e+05
1643    3.071466534104506136e+05
1644    3.070171495812694193e+05
1645    3.068787528059938340e+05
1646    3.068563034888292896e+05
1647    3.067480176419303170e+05
1648    3.065999395373451407e+05
1649    3.064140091379550286e+05
1650    3.062283031427838141e+05
1651    3.060428206864924869e+05
1652    3.060120990201088716e+05
1653    3.058576724213045090e+05
1654    3.057164016764777480e+05
1655    3.055316798046716722e+05
1656    3.053634112379898434e+05
1657    3.051791280168298981e+05
1658    3.050093514097135630e+05
1659    3.048375422158045112e+05
1660    3.046900023966626031e+05
1661    3.045340504635017714e+05
1662    3.044295301090670400e+05
1663    3.042753737522661686e+05
1664    3.042178536877247971e+05
1665    3.040579099688878632e+05
1666    3.038981591281889705e+05
1667    3.037773018350193743e+05
1668    3.036621973962014890e+05
1669    3.035157358174129040e+05
1670    3.037630456597583834e+05
1671    3.035812602679231204e+05
1672    3.034845853679282009e+05
1673    3.035542664383443771e+05
1674    3.037807725080521777e+05
1675    3.035994159143881989e+05
1676    3.035462492375003058e+05
1677    3.035696078483667807e+05
1678    3.036335705559895141e+05
1679    3.035043335972806672e+05
1680    3.033617003637363086e+05
1681    3.032002376157100080e+05
1682    3.032346470370002789e+05
1683    3.031565255683570285e+05
1684    3.029765081121405819e+05
1685    3.028703198604541249e+05
1686    3.027906760521327960e+05
1687    3.030134490394873428e+05
1688    3.028339432984852465e+05
1689    3.029086946590139414e+05
1690    3.029056459055780433e+05
1691    3.027727161801658804e+05
1692    3.026391238419704023e+05
1693    3.026017565552036394e+05
1694    3.027644091324535548e+05
1695    3.029270433159113163e+05
1696    3.028425013131843298e+05
1697    3.027166045961945201e+05
1698    3.025383272121539921e+05
1699    3.024467538486543344e+05
1700    3.024040435344041907e+05
1701    3.024695630914929206e+05
1702    3.022918514996810700e+05
1703    3.022837193314259639e+05
1704    3.022982681652362808e+05
1705    3.021733046666681184e+05
1706    3.019961832872701925e+05
1707    3.019762722214276437e+05
1708    3.018362031386399758e+05
1709    3.017736747698282124e+05
1710    3.016138457592799095e+05
1711    3.015604504167259438e+05
1712    3.014184071743954555e+05
1713    3.012594890736223897e+05
1714    3.010837246974413865e+05
1715    3.010062554201505263e+05
1716    3.008308441835173289e+05
1717    3.007394422515120823e+05
1718    3.006227881278999848e+05
1719    3.005522276175201987e+05
1720    3.004200584829815198e+05
1721    3.004034991121195490e+05
1722    3.003288958129843231e+05
1723    3.002961087783565745e+05
1724    3.002669958400611649e+05
1725    3.002599199574262602e+05
1726    3.002536591251777136e+05
1727    3.000797968214545399e+05
1728    2.999635499758926453e+05
1729    2.997900553452426102e+05
1730    2.998813660190819646e+05
1731    2.997154337873355835e+05
1732    2.995521297270823270e+05
1733    2.996356422319539124e+05
1734    2.995087317548012943e+05
1735    2.993361023140706238e+05
1736    2.993036602386054583e+05
1737    2.992547050525434315e+05
1738    2.992396067206141306e+05
1739    2.991116644284178037e+05
1740    2.990657925907421159e+05
1741    2.989579789944901131e+05
1742    2.988217425722253975e+05
1743    2.986856628297304269e+05
1744    2.985143934800521820e+05
1745    2.984654169578500441e+05
1746    2.983267827185202623e+05
1747    2.981560122461233404e+05
1748    2.981678756880263682e+05
1749    2.980141815734449774e+05
1750    2.978973774522972526e+05
1751    2.978016009025006788e+05
1752    2.977357180509931641e+05
1753    2.977411445791545557e+05
1754    2.976829506910979981e+05
1755    2.975411848352727247e+05
1756    2.974274247064161464e+05
1757    2.972722729292167933e+05
1758    2.971326184294908890e+05
1759    2.970899051529075950e+05
1760    2.969210982751004631e+05
1761    2.967711789557586890e+05
1762    2.967751598101680283e+05
1763    2.966068203912232420e+05
1764    2.964992580288739991e+05
1765    2.963312658348880941e+05
1766    2.961634632779440726e+05
1767    2.960189611555692391e+05
1768    2.959216780333642382e+05
1769    2.957543903768921155e+05
1770    2.955988536189519218e+05
1771    2.954319364961705287e+05
1772    2.952652077746757423e+05
1773    2.953010977657371550e+05
1774    2.952847547351445537e+05
1775    2.951606799129649880e+05
1776    2.950064037605370395e+05
1777    2.948403831281454186e+05
1778    2.947208506903257803e+05
1779    2.945952433630109299e+05
1780    2.947219775586589822e+05
1781    2.947846301813063328e+05
1782    2.946659629787072190e+05
1783    2.947469879198742565e+05
1784    2.946772925480721751e+05
1785    2.945950438221367658e+05
1786    2.944300920426866505e+05
1787    2.943222373534826329e+05
1788    2.942090557976792334e+05
1789    2.941840569747575209e+05
1790    2.941863496543470537e+05
1791    2.940604554595453665e+05
1792    2.939327325959681184e+05
1793    2.937687950145525392e+05
1794    2.936527439691995969e+05
1795    2.935053837293616962e+05
1796    2.933998174411248183e+05
1797    2.932569065873890067e+05
1798    2.931378122927705990e+05
1799    2.930275173316385481e+05
1800    2.930102387757604592e+05
1801    2.928665853274774272e+05
1802    2.927394065697065671e+05
1803    2.925770399320527213e+05
1804    2.924148517679595971e+05
1805    2.922528431976385764e+05
1806    2.920910140208409866e+05
1807    2.920535969071080326e+05
1808    2.919186900564802927e+05
1809    2.917916820114568691e+05
1810    2.916304657762825955e+05
1811    2.914694275910591241e+05
1812    2.913085664835266070e+05
1813    2.911586872661976959e+05
1814    2.910207607262330712e+05
1815    2.908711329126103083e+05
1816    2.907842620097811450e+05
1817    2.906242210474107997e+05
1818    2.904643561538576032e+05
1819    2.903940139074811595e+05
1820    2.903215449174699024e+05
1821    2.901621101436141762e+05
1822    2.900613829990549129e+05
1823    2.899711680061139632e+05
1824    2.898939231198293273e+05
1825    2.898035811109663337e+05
1826    2.898200972289060010e+05
1827    2.897641557371036033e+05
1828    2.896219854161650292e+05
1829    2.895102941470971564e+05
1830    2.895025391524112783e+05
1831    2.894539015059189987e+05
1832    2.893641457617406850e+05
1833    2.892604743571581785e+05
1834    2.891491435800138861e+05
1835    2.890314326454898692e+05
1836    2.889189754229968530e+05
1837    2.887616914306078688e+05
1838    2.886527919642358902e+05
1839    2.885316346328275977e+05
1840    2.883794033239792916e+05
1841    2.883484584765507607e+05
1842    2.881919111782183172e+05
1843    2.880536933396849199e+05
1844    2.878974758271712344e+05
1845    2.877414275323436013e+05
1846    2.876078345824998105e+05
1847    2.874877196123356116e+05
1848    2.874802064629459637e+05
1849    2.873981490615747171e+05
1850    2.872427931544502499e+05
1851    2.871218749952375656e+05
1852    2.870031216272516758e+05
1853    2.868482304180873907e+05
1854    2.867062883784245350e+05
1855    2.865640039282251964e+05
1856    2.864426673994135344e+05
1857    2.863470116432384821e+05
1858    2.862408826796262292e+05
1859    2.861028330024470924e+05
1860    2.859973913252808270e+05
1861    2.858437057516158093e+05
1862    2.856901852603667649e+05
1863    2.856804981443429715e+05
1864    2.855272308026044630e+05
1865    2.854184333683062578e+05
1866    2.854564472923384747e+05
1867    2.853793654084482696e+05
1868    2.853254339916414465e+05
1869    2.852325097428251174e+05
1870    2.850915261180114467e+05
1871    2.849525109668544610e+05
1872    2.848391910254145623e+05
1873    2.846871097292514169e+05
1874    2.845351905863361317e+05
1875    2.843834334958340041e+05
1876    2.842715450304980041e+05
1877    2.841200899547389708e+05
1878    2.839886215853310423e+05
1879    2.838374780924675288e+05
1880    2.838267971797372447e+05
1881    2.837165581228558440e+05
1882    2.835658015285154106e+05
1883    2.835351693041555118e+05
1884    2.833846697576779407e+05
1885    2.832343299457399407e+05
1886    2.831160841294080019e+05
1887    2.831715236673927284e+05
1888    2.830375520802269457e+05
1889    2.829173494443811360e+05
1890    2.828285222687185160e+05
1891    2.827204143951616134e+05
1892    2.827458834168980829e+05
1893    2.826458186881286092e+05
1894    2.825251330569573911e+05
1895    2.824646328150373301e+05
1896    2.823862191530031268e+05
1897    2.822590693146436242e+05
1898    2.821322452247196925e+05
1899    2.819949985678867670e+05
1900    2.818956830363030313e+05
1901    2.818830191535619670e+05
1902    2.819071923634724808e+05
1903    2.817590495545716258e+05
1904    2.816110621230133111e+05
1905    2.814682488378107082e+05
1906    2.813331112195481546e+05
1907    2.812563731215283042e+05
1908    2.811590887680107844e+05
1909    2.810118027803427540e+05
1910    2.808977819126244867e+05
1911    2.808717701234790729e+05
1912    2.807549645985014504e+05
1913    2.806081975348472479e+05
1914    2.804615835296033183e+05
1915    2.804660032189188059e+05
1916    2.803307638879115693e+05
1917    2.801949358033980243e+05
1918    2.802954808122904506e+05
1919    2.802339916710518883e+05
1920    2.801472304456590791e+05
1921    2.800596233820873895e+05
1922    2.799495540531178704e+05
1923    2.800830046976094600e+05
1924    2.799433636728776619e+05
1925    2.798189394749053754e+05
1926    2.797018857368752360e+05
1927    2.795669644432622008e+05
1928    2.794563864493983565e+05
1929    2.794906724390747841e+05
1930    2.794436609254164505e+05
1931    2.796283689829682116e+05
1932    2.795069602745355223e+05
1933    2.793623574770797859e+05
1934    2.792412780842298525e+05
1935    2.790969620516991708e+05
1936    2.789773545810919604e+05
1937    2.789257201667885529e+05
1938    2.789721177553495509e+05
1939    2.789539896718016244e+05
1940    2.788760248991881963e+05
1941    2.787998874637426925e+05
1942    2.787172654290520004e+05
1943    2.788830440994744422e+05
1944    2.790890589953402523e+05
1945    2.791476499491113354e+05
1946    2.792891290660796221e+05
1947    2.793819253261699341e+05
1948    2.793496617226506351e+05
1949    2.794385381962712854e+05
1950    2.794261573054890614e+05
1951    2.797816405501058907e+05
1952    2.798516803989284672e+05
1953    2.799302195426609833e+05
1954    2.799432218404793530e+05
1955    2.798860547427430865e+05
1956    2.801082598817469552e+05
1957    2.799651279229834909e+05
1958    2.800717589316629455e+05
1959    2.800165979651595117e+05
1960    2.798737302792132832e+05
1961    2.798700444356332300e+05
1962    2.798751749323567492e+05
1963    2.797325983792217448e+05
1964    2.798169099151139380e+05
1965    2.796918863890685025e+05
1966    2.796107641599583440e+05
1967    2.797644418080791365e+05
1968    2.796222827580334852e+05
1969    2.796769142517056316e+05
1970    2.795349429251532420e+05
1971    2.795006830547586433e+05
1972    2.794389813578976900e+05
1973    2.794200383251188323e+05
1974    2.793023513084530714e+05
1975    2.792033030181357171e+05
1976    2.790620022174653132e+05
1977    2.790310609442115529e+05
1978    2.789147762706321082e+05
1979    2.788224420776840998e+05
1980    2.787885126783073065e+05
1981    2.787320481491209939e+05
1982    2.785914123521392467e+05
1983    2.786352452987122233e+05
1984    2.786036373239352251e+05
1985    2.786881485479389085e+05
1986    2.791727970878714696e+05
1987    2.791473902867384022e+05
1988    2.790069732459434308e+05
1989    2.788666987606956391e+05
1990    2.788242303208827507e+05
1991    2.786841874348795973e+05
1992    2.785442849170424743e+05
1993    2.784045223152319086e+05
1994    2.783497317207977758e+05
1995    2.783914689233945101e+05
1996    2.783686127635901212e+05
1997    2.783325542939443258e+05
1998    2.782877558197652106e+05
1999    2.781815161993069923e+05
2000    2.781954031201429316e+05
