-4.790999984741210938e+01 -6.533999633789062500e+01 1.562500000000000000e-02
-5.172000122070312500e+01 2.646999931335449219e+01 1.562500000000000000e-02
-5.690000152587890625e+01 -8.591000366210937500e+01 1.562500000000000000e-02
-5.790000152587890625e+01 -4.824000167846679688e+01 1.562500000000000000e-02
-5.152000045776367188e+01 9.822000122070312500e+01 1.562500000000000000e-02
-5.906999969482421875e+01 9.344000244140625000e+01 1.562500000000000000e-02
-5.468000030517578125e+01 -3.790999984741210938e+01 1.562500000000000000e-02
-4.402000045776367188e+01 5.452999877929687500e+01 1.562500000000000000e-02
-5.100999832153320312e+01 3.683000183105468750e+01 1.562500000000000000e-02
-5.663999938964843750e+01 -1.948999977111816406e+01 1.562500000000000000e-02
-5.699000167846679688e+01 8.777999877929687500e+01 1.562500000000000000e-02
-5.788999938964843750e+01 4.079000091552734375e+01 1.562500000000000000e-02
-5.745999908447265625e+01 8.934999847412109375e+01 1.562500000000000000e-02
-5.350000000000000000e+01 1.477400054931640625e+02 1.562500000000000000e-02
-4.293999862670898438e+01 -3.613999938964843750e+01 1.562500000000000000e-02
-5.266999816894531250e+01 -8.443000030517578125e+01 1.562500000000000000e-02
-5.861999893188476562e+01 -1.530000019073486328e+01 3.125000000000000000e-02
-5.681999969482421875e+01 2.179000091552734375e+01 6.250000000000000000e-02
-6.036000061035156250e+01 4.534999847412109375e+01 6.250000000000000000e-02
-4.272999954223632812e+01 -5.018999862670898438e+01 3.125000000000000000e-02
-5.745999908447265625e+01 3.175000000000000000e+01 1.562500000000000000e-02
-4.797999954223632812e+01 9.576000213623046875e+01 1.562500000000000000e-02
-5.211000061035156250e+01 -2.932999992370605469e+01 1.562500000000000000e-02
-5.893000030517578125e+01 1.083700027465820312e+02 1.562500000000000000e-02
-4.095999908447265625e+01 4.920000076293945312e+00 1.562500000000000000e-02
-6.008000183105468750e+01 -5.288999938964843750e+01 1.562500000000000000e-02
-5.865999984741210938e+01 -6.609999847412109375e+01 1.562500000000000000e-02
-5.872999954223632812e+01 -4.690999984741210938e+01 1.562500000000000000e-02
-4.665000152587890625e+01 -4.463000106811523438e+01 3.125000000000000000e-02
-5.356000137329101562e+01 7.541000366210937500e+01 3.125000000000000000e-02
-5.470000076293945312e+01 8.651000213623046875e+01 3.125000000000000000e-02
-5.784000015258789062e+01 9.031999969482421875e+01 3.125000000000000000e-02
-5.599000167846679688e+01 3.286999893188476562e+01 1.562500000000000000e-02
-5.865000152587890625e+01 6.980999755859375000e+01 1.562500000000000000e-02
-5.029000091552734375e+01 5.574000167846679688e+01 1.562500000000000000e-02
-5.924000167846679688e+01 8.620999908447265625e+01 1.562500000000000000e-02
-4.866999816894531250e+01 4.875000000000000000e+01 1.562500000000000000e-02
-5.590999984741210938e+01 4.066999816894531250e+01 1.562500000000000000e-02
-5.943000030517578125e+01 6.808999633789062500e+01 1.562500000000000000e-02
-5.120000076293945312e+01 8.448999786376953125e+01 1.562500000000000000e-02
-4.372000122070312500e+01 3.475000000000000000e+01 1.562500000000000000e-02
-5.674000167846679688e+01 8.098000335693359375e+01 1.562500000000000000e-02
-5.440000152587890625e+01 1.568800048828125000e+02 1.562500000000000000e-02
-5.993000030517578125e+01 6.830999755859375000e+01 1.562500000000000000e-02
-3.958000183105468750e+01 7.329000091552734375e+01 3.125000000000000000e-02
-5.870000076293945312e+01 1.280500030517578125e+02 3.125000000000000000e-02
-4.547000122070312500e+01 1.217699966430664062e+02 3.125000000000000000e-02
-5.561000061035156250e+01 8.391000366210937500e+01 3.125000000000000000e-02
