0 nan
1 0.0000
2 0.0000
3 0.0000
4 0.0000
5 0.0000
6 0.0000
7 0.0000
8 0.0000
9 0.0000
10 0.0000
11 0.0000
12 0.0000
13 0.0000
14 0.0000
15 0.0000
16 0.0000
17 0.0000
18 0.0000
19 0.0000
20 0.0000
21 0.0000
22 0.0000
23 0.0000
24 0.0000
25 0.0000
26 0.0000
27 0.0000
28 0.0000
29 0.0000
30 0.0000
31 0.0000
32 0.0000
33 0.0000
34 0.0000
35 0.0000
36 0.0000
37 0.0000
38 0.0003
39 0.0003
40 0.0004
41 0.0004
42 0.0004
43 0.0005
44 0.0005
45 0.0027
46 0.0042
47 0.0247
48 0.0544
49 0.0632
50 0.0619
51 0.0607
52 0.0596
53 0.1124
54 0.2046
55 0.2009
56 2.8370
57 5.4588
58 7.2358
59 7.1132
60 7.4502
61 7.3281
62 7.2099
63 7.3124
64 7.1981
65 8.0066
66 9.0165
67 12.2776
68 28.4485
69 97.1375
70 95.7498
71 94.4013
72 110.2175
73 121.3997
74 119.7591
75 118.1623
76 130.1159
77 128.4260
78 126.7796
79 130.8685
80 368.2902
81 363.7434
82 359.3075
83 354.9785
84 350.7525
85 538.6879
86 805.4859
87 1358.2518
88 3549.1108
89 3606.7821
90 4201.8464
91 4925.6371
92 5210.3257
93 5821.3194
94 5759.3905
95 5698.7653
96 6518.0485
97 6777.3506
98 6708.1940
99 7853.8331
100 7775.2948
101 9536.0134
102 9536.0134
103 9536.0134
104 9536.0134
105 9536.0134
106 9536.0134
107 9536.0134
108 11906.4963
109 13160.1536
110 16785.3584
111 18517.0350
112 18517.0350
113 18517.0350
114 19917.4753
115 19917.4753
116 20483.3761
117 21049.2769
118 22746.9793
119 22746.9793
120 22746.9793
121 24885.1068
122 24885.1068
123 24885.1068
124 24885.1068
125 24885.1068
126 26293.1707
127 26293.1707
128 26293.1707
129 30763.7743
130 30763.7743
131 31634.9249
132 34155.1315
133 34155.1315
134 34155.1315
135 34155.1315
136 35897.4328
137 45504.4429
138 45504.4428
139 51102.8450
140 51102.8450
141 55968.3666
142 55968.3666
143 57986.8843
144 57986.8843
145 57986.8833
146 57986.8826
147 81989.2118
148 81989.1973
149 81989.1924
150 81989.1924
151 81989.1924
152 116960.9508
153 119153.6049
154 125029.5601
155 154562.2427
156 154560.7645
157 170203.5673
158 170202.4820
159 170202.4820
160 203467.2103
161 231871.0458
162 239838.7439
163 239838.6073
164 239838.6073
165 239838.0098
166 239837.2631
167 239834.9881
168 239823.8691
169 239776.1892
170 239776.1892
171 239776.1892
172 239763.8575
173 239754.5923
174 239754.5923
175 239754.5923
176 239744.3260
177 239744.3260
178 239744.3260
179 239739.8279
180 271843.9387
181 300754.8188
182 358812.0572
183 358812.0572
184 448512.5641
185 484306.6900
186 528393.6504
187 527904.6892
188 702129.5460
189 735809.0399
190 757928.2721
191 757227.6041
192 779850.5914
193 779230.2639
194 825675.2377
195 936053.7956
196 935210.2961
197 972071.1749
198 972071.1749
199 970869.9103
200 970869.9103
201 969109.1916
202 969109.1916
203 969109.1916
204 1015431.7814
205 1015431.7814
206 1096042.7694
207 1096042.7694
208 1093672.2866
209 1110123.3849
210 1106498.1801
211 1139086.2473
212 1139086.2473
213 1139086.2473
214 1137685.8069
215 1137685.8069
216 1137119.9061
217 1136554.0053
218 1134856.3030
219 1134856.3030
220 1134856.3030
221 1132718.1754
222 1132718.1754
223 1132718.1754
224 1132718.1754
225 1132718.1754
226 1131310.1115
227 1131310.1115
228 1178111.0782
229 1173640.4746
230 1173640.4746
231 1254458.3891
232 1251938.1825
233 1251938.1825
234 1251938.1825
235 1360165.5942
236 1358423.2930
237 1693598.4685
238 1952570.8534
239 2070128.6481
240 2070128.6481
241 2065263.1265
242 2297502.0202
243 2432824.2297
244 2714757.9860
245 2714757.9860
246 2714757.9860
247 2690755.6471
248 2690755.6471
249 2784673.1305
250 2784673.1305
251 2784673.1305
252 2749701.3721
253 2850406.9533
254 3023991.3718
255 3097356.9531
256 3580013.0034
257 3564368.6778
258 3564368.6778
259 3564368.6778
260 3688670.5164
261 3807820.4606
262 3979144.3228
263 4126698.1025
264 4126698.1025
265 4126698.1025
266 4544578.9019
267 4723150.9813
268 4723150.9813
269 4723150.9813
270 4828633.1352
271 5120247.4177
272 5120247.4177
273 5120247.4177
274 5120247.4177
275 5480799.0934
276 5554334.1482
277 5737088.6255
278 5737088.6255
279 5737088.6255
280 5704793.2687
281 5675882.3885
282 5759639.6969
283 5759639.6969
284 5824820.8476
285 6059458.5539
286 6072997.2102
287 6417051.5474
288 6240885.1523
289 6207118.8397
290 6384943.5746
291 6482135.9995
292 6459201.8424
293 6723030.3134
294 7330382.8733
295 7452437.7994
296 7452437.7994
297 7607648.4487
298 7964945.0211
299 8212096.7828
300 8598247.8807
301 8668211.8166
302 8726334.0623
303 8852650.8397
304 9068785.3194
305 9068785.3194
306 9624730.1793
307 9686874.1005
308 9856741.9094
309 9959187.5385
310 9959187.5385
311 10111781.1092
312 10802418.6591
313 10802418.6591
314 10802418.6591
315 10802418.6591
316 10802418.6591
317 10802418.6591
318 10802418.6591
319 11526964.2423
320 11526964.2423
321 11526964.2423
322 11526964.2423
323 11526964.2423
324 11915812.6437
325 12688936.2599
326 12688936.2599
327 12688936.2599
328 12642135.2932
329 12642135.2932
330 12642135.2932
331 12560446.2281
332 13385940.3017
333 13385940.3017
334 13385940.3017
335 13277712.8899
336 14388884.7983
337 14044102.6126
338 13785130.2277
339 13661974.0308
340 13661974.0308
341 13661974.0308
342 13429735.1371
343 13292394.4098
344 13010460.6535
345 13010460.6535
346 13010460.6535
347 13010460.6535
348 13396280.3503
349 13302362.8670
350 13717726.6511
351 13717726.6511
352 14185140.3026
353 14082242.0387
354 13902781.6141
355 13799883.3502
356 13317227.2999
357 13317227.2999
358 13317227.2999
359 13317227.2999
360 13159660.4597
361 13012106.6799
362 12832815.1197
363 12685261.3399
364 12685261.3399
365 12685261.3399
366 12267380.5406
367 12088808.4611
368 12837175.4619
369 13334135.6225
370 13228653.4686
371 12937052.1231
372 12937065.0602
373 12937077.9973
374 12937090.9344
375 13542067.5456
376 13468545.5918
377 13285803.3039
378 13285816.5898
379 14188035.8680
380 14188050.0562
381 14993007.8908
382 14851206.6356
383 14851221.4870
384 15369536.6755
385 15098952.9014
386 15711034.8139
387 15366990.3389
388 16036935.2350
389 16036951.2722
390 15836447.7064
391 15739269.0771
392 15739284.8168
393 15475466.0172
394 14821668.2679
395 14589243.7949
396 15935642.8674
397 15743265.3772
398 15385974.5440
399 15138831.0011
400 14752683.4575
401 14682732.1058
402 14624622.6834
403 14498316.3625
404 14235864.8680
405 14235879.1043
406 13599300.9762
407 13537154.8799
408 13367281.1254
409 13247126.5352
410 13247126.5352
411 13060206.6785
412 16745888.7457
413 16745888.7457
414 16745888.7457
415 21122232.5359
416 21122232.5359
417 25260617.9570
418 27706665.9796
419 26982120.5704
420 26982147.5536
421 26982174.5368
422 26982201.5201
423 26982228.5034
424 26593390.3642
425 25820233.5023
426 25820233.5023
427 25820233.5023
428 25820233.5023
429 29845312.5869
430 29845342.4336
431 29845372.2802
432 29019870.0790
433 29019899.1002
434 33145959.0955
435 37506027.3703
436 36394837.4084
437 36394873.8051
438 36394910.2019
439 40917559.7464
440 53692329.7996
441 53692383.4949
442 53692437.1903
443 53692490.8858
444 58197544.4902
445 58197602.6912
446 66597105.7964
447 66597238.9990
448 66211527.4254
449 66211659.8573
450 65796399.8436
451 65796531.4457
452 65329215.2732
453 65329345.9414
454 83628345.8341
455 83628596.7394
456 83628847.6463
457 83629098.5547
458 89280786.9469
459 89281054.8141
460 89281322.6830
461 89281590.5535
462 89281858.4256
463 89282126.2993
464 89282394.1746
465 89282662.0515
466 100734778.9892
467 100735081.2289
468 99986926.6547
469 99490205.3583
470 109791060.6018
471 109791280.2120
472 109791499.8231
473 109791829.2414
474 118449354.5375
475 117484063.3852
476 125336905.4743
477 125337281.5395
478 131441518.4336
479 130539578.6928
480 130539970.3719
481 129735430.6225
482 129735949.6483
483 129736468.6782
484 129063698.5147
485 129064214.8593
486 139688008.8769
487 139688567.7307
488 139019084.4910
489 139019640.6730
490 139020196.8595
491 149789936.7968
492 149790685.8985
493 149791285.1853
494 149791884.4769
495 149792483.7733
496 148446438.6824
497 160341330.3621
498 170474913.5107
499 170475766.0839
500 170476789.1831
501 170477812.2945
502 170478664.8967
503 170479517.5074
504 170480370.1267
505 170481222.7545
506 170482245.9191
507 170483439.6267
508 192352657.3370
509 204882294.4403
510 226549409.3576
511 226551448.9366
512 248405248.8571
513 248407733.7321
514 248410218.6568
515 244034976.4307
516 244037417.6618
517 239899867.7882
518 237455405.6330
519 237457781.1135
520 237459919.0865
521 254939386.8558
522 254941682.2698
523 254943977.7251
524 254946273.2217
525 273835897.5555
526 273838911.1276
527 273841924.7660
528 273845212.4472
529 269821612.9725
530 269824852.4646
531 292144000.0795
532 292147799.9616
533 292151599.9426
534 288027275.9891
535 304026152.7429
536 304030107.3806
537 304034062.1211
538 304038016.9645
539 299516792.8506
540 286738558.6485
541 286742575.5873
542 342546688.1596
543 342552172.6196
544 363954621.7381
545 383986339.0317
546 375587878.3798
547 412337054.1108
548 412344481.8452
549 412351909.8471
550 433914839.2312
551 454814424.3174
552 454822617.8104
553 454830811.5987
554 436525259.6152
555 436532250.2060
556 436538804.0882
557 436545358.1673
558 430895723.3343
559 430903486.8171
560 468390669.2344
561 491990359.8183
562 492000702.0201
563 492010552.1404
564 492020895.1912
565 492031238.6768
566 516059327.1394
567 516070176.4388
568 516081026.1944
569 546078397.9871
570 535779040.8027
571 535790842.0795
572 535802643.8762
573 535814446.1929
574 527159803.3047
575 551030715.9425
576 543181725.0886
577 543195866.7208
578 537098721.9498
579 537112168.0811
580 537125077.0005
581 537138524.4514
582 537150358.7652
583 537162193.6005
584 537174028.9573
585 537185326.8299
586 570544489.4974
587 570557061.1760
588 570569633.4086
589 570581634.6930
590 570595922.5946
591 559825256.7393
592 559840397.5638
593 559856660.8432
594 559873485.9196
595 559890312.0073
596 559908260.9489
597 548012644.7464
598 537880743.2464
599 537897988.2647
600 537914695.4307
601 573443410.3905
602 573462946.5583
603 573483058.7098
604 573503172.2720
605 612742210.8971
606 612764316.9679
607 612785196.3883
608 590895864.0613
609 578363404.5832
610 610096927.7722
611 610117719.0957
612 583855610.9065
613 583876094.5630
614 583895994.3485
615 583916480.8387
616 633445983.0221
617 633468844.6659
618 633491072.8463
619 633514572.9046
620 633538709.9146
621 616043716.9968
622 616065954.5899
623 665385767.7220
624 665411789.9787
625 646505241.4069
626 646529230.4697
627 646553221.3128
628 646575268.5222
629 646597317.2353
630 646618718.8949
631 624268143.1869
632 676434430.6448
633 676459536.3959
634 676484644.0107
635 656099226.4168
636 656123580.1419
637 656148593.9578
638 656174268.0152
639 656199944.0818
640 656226280.5966
641 656251960.7340
642 600321397.3739
643 600343084.2845
644 574386714.7733
645 629719139.3974
646 629741890.8047
647 592917065.7037
648 592939084.1787
649 592961104.2891
650 571364165.8064
