1       0.000000000000000000e+00
2       0.000000000000000000e+00
3       0.000000000000000000e+00
4       0.000000000000000000e+00
5       0.000000000000000000e+00
6       0.000000000000000000e+00
7       0.000000000000000000e+00
8       0.000000000000000000e+00
9       0.000000000000000000e+00
10      0.000000000000000000e+00
11      0.000000000000000000e+00
12      0.000000000000000000e+00
13      0.000000000000000000e+00
14      0.000000000000000000e+00
15      0.000000000000000000e+00
16      0.000000000000000000e+00
17      0.000000000000000000e+00
18      0.000000000000000000e+00
19      0.000000000000000000e+00
20      0.000000000000000000e+00
21      0.000000000000000000e+00
22      0.000000000000000000e+00
23      0.000000000000000000e+00
24      0.000000000000000000e+00
25      0.000000000000000000e+00
26      0.000000000000000000e+00
27      1.090722509368929574e-04
28      3.924387953712182137e-04
29      8.603714190734868157e-04
30      5.263278516916576090e-03
31      1.205122023697037352e-02
32      1.821649246381358209e-02
33      2.325292711600944820e-02
34      2.615580074093720384e-02
35      2.927019506548698621e-02
36      3.883178259365407253e-02
37      7.797020993951155055e-02
38      9.277229557676176797e-02
39      1.386871008495311475e-01
40      2.077101133881602557e-01
41      4.240041629394163958e-01
42      4.558098369617489265e-01
43      7.066606811497381235e-01
44      9.063874286925875934e-01
45      1.095311221276394464e+00
46      1.141006473272923483e+00
47      1.534918683455464450e+00
48      1.708824494846160613e+00
49      2.102093764569972656e+00
50      2.285635175851635559e+00
51      2.538191320592125599e+00
52      2.739336843476229966e+00
53      2.764195995161975450e+00
54      2.844471164602564439e+00
55      2.844516560319321652e+00
56      2.856856844722876598e+00
57      2.956176095387306635e+00
58      3.055188351837301308e+00
59      3.188222513958493209e+00
60      3.244799837191687519e+00
61      3.347859808459464404e+00
62      4.522992670182706121e+00
63      4.748258029782318701e+00
64      5.658032890558704509e+00
65      6.393533545575766475e+00
66      6.597037367041808764e+00
67      6.909873100993358719e+00
68      8.008569045753359816e+00
69      9.057082639582009875e+00
70      9.190429601331183918e+00
71      9.060986930830235764e+00
72      1.087164029102939367e+01
73      1.125313467119224775e+01
74      1.509242938649115828e+01
75      1.924095521479351234e+01
76      1.936120885869882002e+01
77      3.910094757910439967e+01
78      4.327182562871696803e+01
79      6.001763944412660123e+01
80      5.926741898111523454e+01
81      6.395852783466899183e+01
82      6.435856099426425203e+01
83      7.882008928476984977e+01
84      1.263046833932086344e+02
85      4.207823946292367054e+02
86      4.384385696256630922e+02
87      4.859301825848903036e+02
88      5.637873476816076845e+02
89      6.407946273489756095e+02
90      8.880384337558165271e+02
91      9.993226320674352792e+02
92      1.045997206513061656e+03
93      1.288468502065295525e+03
94      1.334528006046783730e+03
95      1.345756740870865315e+03
96      1.545992290272852870e+03
97      1.826629781427694070e+03
98      1.916004105938503699e+03
99      2.141684110335062996e+03
100     2.440941560531835876e+03
101     2.442018444084508246e+03
102     2.526060667924529298e+03
103     2.797898969816159024e+03
104     2.926300195074113617e+03
105     3.020358194046763401e+03
106     3.151865787231216473e+03
107     3.475265759945884838e+03
108     3.740328933306292129e+03
109     3.817231919731858852e+03
110     3.847005157525915820e+03
111     3.988434466549910212e+03
112     4.334835495798212833e+03
113     4.489228270096366032e+03
114     4.634952971477150641e+03
115     4.735133645974477986e+03
116     5.659523594400050570e+03
117     5.667064285564986676e+03
118     6.263213520246061307e+03
119     6.772520085712130822e+03
120     7.031282828653243087e+03
121     8.211003557317671948e+03
122     8.526788140015874887e+03
123     8.866015393167685033e+03
124     9.369136569517204407e+03
125     9.604669365126253979e+03
126     1.029389541339827338e+04
127     1.058297874292300730e+04
128     1.079192469243665619e+04
129     1.096847078208037965e+04
130     1.158079036053505115e+04
131     1.215373559085987654e+04
132     1.229709214236911976e+04
133     1.251667295508784991e+04
134     1.264183983213446845e+04
135     1.287303067886116696e+04
136     1.314160805742697630e+04
137     1.330610852172427440e+04
138     1.381773303535186824e+04
139     1.371832554768470436e+04
140     1.362033796985033587e+04
141     1.397596648757863295e+04
142     1.446998208392386914e+04
143     1.443200610084770415e+04
144     1.464935909393433030e+04
145     1.480066911887877359e+04
146     1.487420249192516530e+04
147     1.533422671708629423e+04
148     1.523061744466581695e+04
149     1.558601184042466775e+04
150     1.686505885635175582e+04
151     1.675337020235173986e+04
152     1.764018075734594822e+04
153     1.783846642690621593e+04
154     1.794860732213558731e+04
155     1.822734182972456256e+04
156     1.889509502893505851e+04
157     1.903156288698907883e+04
158     1.926647926432887471e+04
159     1.969135495565901874e+04
160     1.963341895197863414e+04
161     2.032051774403722084e+04
162     2.108667204596792362e+04
163     2.188192330882251918e+04
164     2.276742631023460126e+04
165     2.324299096570324036e+04
166     2.350992231450418330e+04
167     2.399895889607173376e+04
168     2.397119524689185710e+04
169     2.453435336997298145e+04
170     2.439003403142999741e+04
171     2.526564356933165982e+04
172     2.550153267304304245e+04
173     2.593372048173968869e+04
174     2.578467673102421759e+04
175     2.625641980041127681e+04
176     2.610723684309872988e+04
177     2.611456594393769046e+04
178     2.717889284756002235e+04
179     2.732135864530471372e+04
180     2.810123243155827367e+04
181     2.898003893122628870e+04
182     3.059926021464564110e+04
183     3.123623830630901284e+04
184     3.259199843318886269e+04
185     3.585786661527769320e+04
186     3.680356895769335097e+04
187     3.882079644937560806e+04
188     3.861430848893659277e+04
189     4.034806498905164335e+04
190     4.013571310209133662e+04
191     4.247025100243336783e+04
192     4.272103972350670665e+04
193     4.482062284593105142e+04
194     4.493220804537797812e+04
195     4.570032779650696466e+04
196     4.546716416802870663e+04
197     4.537966330148924317e+04
198     4.566505250778119807e+04
199     4.746263611293123540e+04
200     4.722532458702671283e+04
201     4.748303389603977848e+04
202     4.724797288199461036e+04
203     4.773919898606980860e+04
204     4.888011983621185936e+04
205     4.909314402769320441e+04
206     4.905842842731229757e+04
207     4.882143571085479925e+04
208     4.888297838727363705e+04
209     5.006932714233253500e+04
210     5.009143180713451875e+04
211     5.007886640336360870e+04
212     5.226333782685032929e+04
213     5.403987038099069468e+04
214     5.546107769958121935e+04
215     5.837927566763771756e+04
216     6.215751752917303384e+04
217     6.278033380146085256e+04
218     6.249236293531757110e+04
219     6.250297559748680942e+04
220     6.221887822628414142e+04
221     6.326335253759813349e+04
222     6.399953880465534166e+04
223     6.500016867354291753e+04
224     6.582426080468714645e+04
225     6.636783160184782173e+04
226     6.774682141835110087e+04
227     6.854052488043745689e+04
228     6.963639612956416386e+04
229     7.003416767621427425e+04
230     6.972969035030732630e+04
231     7.087884711931242782e+04
232     7.391864292397169629e+04
233     7.508664537507515342e+04
234     7.696711983636634250e+04
235     7.828968836915407155e+04
236     7.958841026764412527e+04
237     8.032025287375858170e+04
238     8.048000091951381182e+04
239     8.051995465490622155e+04
240     8.350633606229774887e+04
241     8.392758120474043244e+04
242     8.505076790186607104e+04
243     8.684096381449070759e+04
244     8.735095534701517317e+04
245     8.778807689151537488e+04
246     8.947816438117215876e+04
247     9.077721375262497168e+04
248     9.126849145732456236e+04
249     9.159082126237261400e+04
250     9.122447231484220538e+04
251     9.156564617315494979e+04
252     9.384852852799670654e+04
253     9.539234629257452616e+04
254     9.624407070633482363e+04
255     9.891025926822247857e+04
256     9.894672268077997433e+04
257     9.880077009861901752e+04
258     9.899686992867992376e+04
259     9.904564310477845720e+04
260     9.941234146588623116e+04
261     9.938396294863191724e+04
262     9.900464269910007715e+04
263     1.009514324969025620e+05
264     1.013895174511016376e+05
265     1.016975011113401415e+05
266     1.027046016426074202e+05
267     1.023199414710776618e+05
268     1.027471336282957491e+05
269     1.023816832152183924e+05
270     1.023518257499554165e+05
271     1.022858911846929986e+05
272     1.019098450516315934e+05
273     1.022351221275504649e+05
274     1.062664580261367955e+05
275     1.076536490120607050e+05
276     1.078762540064048808e+05
277     1.101537339301425382e+05
278     1.130573346926412487e+05
279     1.126521257387980295e+05
280     1.153975257073123212e+05
281     1.155633479924339481e+05
282     1.151535555498926115e+05
283     1.170848135731853108e+05
284     1.174373462205654796e+05
285     1.197643576002745103e+05
286     1.224000706360587646e+05
287     1.236230415921650274e+05
288     1.269574000150397624e+05
289     1.301442553152365726e+05
290     1.315673428253773309e+05
291     1.350691579367116501e+05
292     1.381209197743990517e+05
293     1.394458657193612598e+05
294     1.401372486649664934e+05
295     1.402430751949295227e+05
296     1.416285900663283828e+05
297     1.411517398807175632e+05
298     1.452804604770569713e+05
299     1.461195912685112853e+05
300     1.465115795115542423e+05
301     1.466895695945150801e+05
302     1.466455958957426192e+05
303     1.468009634200290602e+05
304     1.474409443976260372e+05
305     1.496273435568337445e+05
306     1.496008817750270828e+05
307     1.496049096214984020e+05
308     1.510273723051529378e+05
309     1.514019888534217607e+05
310     1.528814307928603084e+05
311     1.528567454308719898e+05
312     1.550602712465620134e+05
313     1.545648974626970885e+05
314     1.543564123227554664e+05
315     1.538664039078254136e+05
316     1.536984870918502857e+05
317     1.539679957134213473e+05
318     1.534838228405290574e+05
319     1.531565019294727535e+05
320     1.527397562285360473e+05
321     1.525229327144098061e+05
322     1.526867312560644932e+05
323     1.530717424944939266e+05
324     1.525993148859423527e+05
325     1.521297989453568298e+05
326     1.531069128560178215e+05
327     1.538822294600368186e+05
328     1.536766519282082154e+05
329     1.541071660081568407e+05
330     1.545244654604651732e+05
331     1.547442987891321536e+05
332     1.544772381460495526e+05
333     1.561722857667930075e+05
334     1.557047315870766761e+05
335     1.561475132990144484e+05
336     1.574340429788634938e+05
337     1.575850710307442641e+05
338     1.604875807358466554e+05
339     1.607805536749945604e+05
340     1.604107509398695838e+05
341     1.599403809219470422e+05
342     1.594727672760280257e+05
343     1.596163505475754791e+05
344     1.611766149072157859e+05
345     1.619050508486455365e+05
346     1.622126054704453563e+05
347     1.617451880592296366e+05
348     1.642769445827851305e+05
349     1.638062939391545660e+05
350     1.635069254919626692e+05
351     1.635865899538603262e+05
352     1.642509134538319195e+05
353     1.647277816192977189e+05
354     1.665411751833469607e+05
355     1.664796490789106174e+05
356     1.663819627490213315e+05
357     1.662306026718592620e+05
358     1.667331856384336133e+05
359     1.668046550225234532e+05
360     1.672906323514162505e+05
361     1.669810045472233323e+05
362     1.666730888540623419e+05
363     1.668415002311858989e+05
364     1.672851318981691147e+05
365     1.676904135721180937e+05
366     1.673421134962988726e+05
367     1.674897237635066267e+05
368     1.680185550678268482e+05
369     1.675632550585672143e+05
370     1.673040934914410464e+05
371     1.679878408347726800e+05
372     1.677218736992743507e+05
373     1.680062446284118923e+05
374     1.683489886673807632e+05
375     1.679000895780701539e+05
376     1.687153789203854976e+05
377     1.682678892048961716e+05
378     1.682651062039531826e+05
379     1.681348967613852292e+05
380     1.676924529233883368e+05
381     1.694026027755871764e+05
382     1.724759452850926027e+05
383     1.742998516830268491e+05
384     1.745929033705994661e+05
385     1.759610078385767993e+05
386     1.769541276845796965e+05
387     1.764969298773438204e+05
388     1.767789058071579493e+05
389     1.769827172304512060e+05
390     1.765289744751551480e+05
391     1.773817862704101426e+05
392     1.771936041415565414e+05
393     1.770813187322128215e+05
394     1.775425860393217590e+05
395     1.781479529332972597e+05
396     1.810348920403444790e+05
397     1.805789425059352943e+05
398     1.821133923799316399e+05
399     1.838875425891130290e+05
400     1.834278848307942390e+05
401     1.877660014144105080e+05
402     1.889570401339585951e+05
403     1.904392703780827287e+05
404     1.918369878207400907e+05
405     1.914756007317474869e+05
406     1.921152903998969414e+05
407     1.925261084361953835e+05
408     1.938768227110663138e+05
409     1.962676690781179932e+05
410     1.970489175896116067e+05
411     1.980390128955522960e+05
412     2.003173188335369923e+05
413     1.998323319715675025e+05
414     2.021647647394791711e+05
415     2.016776435759799497e+05
416     2.026979667974824843e+05
417     2.022118889160227845e+05
418     2.059762150539302966e+05
419     2.078562453822456882e+05
420     2.086085001656282111e+05
421     2.088844349470569869e+05
422     2.109675171124847548e+05
423     2.127069084292139451e+05
424     2.134708011740797083e+05
425     2.136234633543032396e+05
426     2.187027816201162059e+05
427     2.195505396429774992e+05
428     2.208804075135818566e+05
429     2.248564544065567607e+05
430     2.265083269242128881e+05
431     2.286120134950706270e+05
432     2.326147741556476394e+05
433     2.334232367220399319e+05
434     2.361547561550453538e+05
435     2.361132559999779041e+05
436     2.371328059138393728e+05
437     2.379077673351573176e+05
438     2.378891017089634552e+05
439     2.384064174390532135e+05
440     2.387393182414787589e+05
441     2.408840143567729974e+05
442     2.415070797538791667e+05
443     2.469233135942282679e+05
444     2.504933138170313323e+05
445     2.513087835290165094e+05
446     2.543865488986699784e+05
447     2.551469453924414120e+05
448     2.554466723654167727e+05
449     2.561532127337976126e+05
450     2.558899588890291052e+05
451     2.570240843597863277e+05
452     2.569129767965766077e+05
453     2.577310577871903370e+05
454     2.576432048940210079e+05
455     2.592854826981173246e+05
456     2.629382203546987730e+05
457     2.641336616754118586e+05
458     2.635569303514540079e+05
459     2.633774624670454068e+05
460     2.661248937256984646e+05
461     2.681191130612819688e+05
462     2.706275807855546009e+05
463     2.715476354307906004e+05
464     2.737816589955953532e+05
465     2.746304914332084591e+05
466     2.759345566061958089e+05
467     2.807754491705285618e+05
468     2.806837036490978207e+05
469     2.826580230881367461e+05
470     2.848231981482539559e+05
471     2.852782820630781935e+05
472     2.883772532956634532e+05
473     2.927221868358022766e+05
474     2.967925812835657271e+05
475     3.023581386405991507e+05
476     3.043426698534308816e+05
477     3.068257278306253720e+05
478     3.106019079307297943e+05
479     3.166941235529585392e+05
480     3.215879623723129043e+05
481     3.236279666944522178e+05
482     3.283398842147908290e+05
483     3.308595268872341258e+05
484     3.378754073690767982e+05
485     3.385292416068335879e+05
486     3.382576230252818787e+05
487     3.391905952758267522e+05
488     3.387377103134254576e+05
489     3.422833402155868243e+05
490     3.435061862118550343e+05
491     3.473860909276278107e+05
492     3.470919273112095543e+05
493     3.478896467190759140e+05
494     3.483063608106999891e+05
495     3.495830863373053144e+05
496     3.510345118950180477e+05
497     3.553051436152431997e+05
498     3.612605290890033357e+05
499     3.605366288345276262e+05
500     3.622994203331338358e+05
501     3.653540608753273264e+05
502     3.648220418203413137e+05
503     3.657785726200055215e+05
504     3.666867470467640087e+05
505     3.686950830281859380e+05
506     3.732869923998066224e+05
507     3.798690872688799282e+05
508     3.843114341001522844e+05
509     3.929610163070122944e+05
510     3.971109407730526873e+05
511     4.012706853938292479e+05
512     4.031365780607213965e+05
513     4.045059930482331547e+05
514     4.128301078713774914e+05
515     4.133708492809347226e+05
516     4.260968813976341626e+05
517     4.348446623824128765e+05
518     4.384840864698406658e+05
519     4.382333767714128480e+05
520     4.448369046221722383e+05
521     4.462816957284452510e+05
522     4.460803693281384767e+05
523     4.475494502883146633e+05
524     4.563326809253764222e+05
525     4.572219300463763648e+05
526     4.685227367670488311e+05
527     4.804091896521259332e+05
528     4.801036117765945964e+05
529     4.833637291235366138e+05
530     4.876615600276523619e+05
531     4.920493582649749005e+05
532     4.941299281870404957e+05
533     4.945428230824832572e+05
534     4.996625538238983718e+05
535     4.987286824471752625e+05
536     5.033741615060603363e+05
537     5.024369002394161071e+05
538     5.045437023458443000e+05
539     5.062788042836557725e+05
540     5.113142161976895877e+05
541     5.246500389533209382e+05
542     5.279768504036533413e+05
543     5.382943659790181555e+05
544     5.442292584618406836e+05
545     5.473045170641142176e+05
546     5.611294570243275957e+05
547     5.744257234714657534e+05
548     5.834757288955257973e+05
549     5.979715633286630036e+05
550     6.027917726611401886e+05
551     6.094834638792726910e+05
552     6.143302535484321415e+05
553     6.182239940671046497e+05
554     6.220050933203201275e+05
555     6.294052235686809290e+05
556     6.349252219880205812e+05
557     6.448849910859531956e+05
558     6.464667335808065254e+05
559     6.542148698987498647e+05
560     6.614613360513302032e+05
561     6.658655660942399409e+05
562     6.763850852714502253e+05
563     6.830701025066600414e+05
564     6.911658819242776372e+05
565     6.989531495073561091e+05
566     7.165589142634777818e+05
567     7.275565350618754746e+05
568     7.304566754188931081e+05
569     7.335103521755312104e+05
570     7.329607480168720940e+05
571     7.482248124783356907e+05
572     7.521254789280707482e+05
573     7.564249939556814497e+05
574     7.584762514427705901e+05
575     7.589284594036035705e+05
576     7.642839326185900718e+05
577     7.641107138786199503e+05
578     7.647794202967574820e+05
579     7.697893597268105950e+05
580     7.738669144392082235e+05
581     7.796416730163518805e+05
582     7.783024198057057802e+05
583     7.860402027771761641e+05
584     7.905961588426152011e+05
585     7.919197006079140119e+05
586     7.953830672374571441e+05
587     7.983434478124619927e+05
588     8.032740270618298091e+05
589     8.082234462417402538e+05
590     8.109436914878458483e+05
591     8.109873740309994901e+05
592     8.114526384049924091e+05
593     8.139425985398340272e+05
594     8.174283634071586421e+05
595     8.213962603477378143e+05
596     8.284032045270384988e+05
597     8.334150934726378182e+05
598     8.352114709621382644e+05
599     8.420458406826520804e+05
600     8.476367930913214805e+05
601     8.485545480088713812e+05
602     8.673248108212851221e+05
603     8.676295891955348197e+05
604     8.747715804473430617e+05
605     8.793685859710200457e+05
606     8.805048217858613934e+05
607     8.824646122893699212e+05
608     8.810133923083862755e+05
609     8.960103349919195753e+05
610     9.069148730629759375e+05
611     9.064308349763493752e+05
612     9.186723355545731029e+05
613     9.214929829696192173e+05
614     9.290397533107793424e+05
615     9.329022861093013780e+05
616     9.339960892860577442e+05
617     9.324828182311083656e+05
618     9.315685733236307278e+05
619     9.328279164150431752e+05
620     9.386929193958493415e+05
621     9.413671822657627054e+05
622     9.407148451956418576e+05
623     9.445808228216371499e+05
624     9.444514187878685771e+05
625     9.452458430067010922e+05
626     9.437358542745437007e+05
627     9.422306172381988727e+05
628     9.469163223950053798e+05
629     9.454108149292450398e+05
630     9.460073351936414838e+05
631     9.504576797680624295e+05
632     9.511565111203300767e+05
633     9.502929417371895397e+05
634     9.517784688184034312e+05
635     9.524137433349477360e+05
636     9.569627561090361560e+05
637     9.682215024982073810e+05
638     9.691305229248115793e+05
639     9.681911008122662315e+05
640     9.704771347564719617e+05
641     9.829683600955290021e+05
642     9.901100887516022194e+05
643     9.986261939431870123e+05
644     1.006288682958397083e+06
645     1.010780771084365901e+06
646     1.019032623884658911e+06
647     1.021819217685873155e+06
648     1.021807921894668834e+06
649     1.033366811203512014e+06
650     1.036557729111526394e+06
651     1.049058993687293725e+06
652     1.060628652360981330e+06
653     1.059004576702692779e+06
654     1.058939704406153411e+06
655     1.059417880262605147e+06
656     1.064429137146114139e+06
657     1.070400132469101809e+06
658     1.073799461394577054e+06
659     1.074015492736964719e+06
660     1.076333829080856172e+06
661     1.074705739336332772e+06
662     1.077112663928309456e+06
663     1.078330673424260225e+06
664     1.095751123241383117e+06
665     1.099964168162598275e+06
666     1.106010568439517636e+06
667     1.110232255271020811e+06
668     1.119212338238066528e+06
669     1.119092758217615774e+06
670     1.119513896569168428e+06
671     1.122552589851000113e+06
672     1.130882334578294074e+06
673     1.140293618711939780e+06
674     1.143627627420442412e+06
675     1.153619399583404884e+06
676     1.156750125139712589e+06
677     1.162764207525660284e+06
678     1.167538637775939656e+06
679     1.168322752156211063e+06
680     1.169934241972886259e+06
681     1.169603952535052318e+06
682     1.170574973654131405e+06
683     1.175109087651535403e+06
684     1.177221691472884035e+06
685     1.175504490948561812e+06
686     1.173792261639882112e+06
687     1.193222692701099208e+06
688     1.191489610525883036e+06
689     1.195037084091552300e+06
690     1.203607919961246662e+06
691     1.207267723367561353e+06
692     1.205524705219032709e+06
693     1.214237811821948038e+06
694     1.217393645327990642e+06
695     1.221336260491361842e+06
696     1.227299821045134449e+06
697     1.228105914356950670e+06
698     1.231519865891522029e+06
699     1.232042347967312904e+06
700     1.234190973159388173e+06
701     1.232431739766557468e+06
702     1.236764276730895974e+06
703     1.243996420767860021e+06
704     1.249300034435458248e+06
705     1.252684296328725526e+06
706     1.265143814663287252e+06
707     1.274297634526405716e+06
708     1.272498724255450303e+06
709     1.274624154343551956e+06
710     1.273370513974237954e+06
711     1.272192527602692600e+06
712     1.270406240715706022e+06
713     1.278443732638898771e+06
714     1.278612212250237353e+06
715     1.278049401977250120e+06
716     1.280814098351553315e+06
717     1.284113868336908752e+06
718     1.283352020099087153e+06
719     1.290355530039049685e+06
720     1.303500072533034487e+06
721     1.304704107265490340e+06
722     1.308211045280260500e+06
723     1.315184855300633004e+06
724     1.315806125782099785e+06
725     1.334554864027308766e+06
726     1.346075470829833765e+06
727     1.365981611687764991e+06
728     1.369550972042247886e+06
729     1.391753334026216762e+06
730     1.393448243426652858e+06
731     1.393100752246299060e+06
732     1.397005965287133818e+06
733     1.406063320008233655e+06
734     1.404148571503510932e+06
735     1.404343384391316678e+06
736     1.415044404983367305e+06
737     1.420092652093893150e+06
738     1.420447888540045358e+06
739     1.418525867210917408e+06
740     1.424263058151766425e+06
741     1.424048253087408841e+06
742     1.425887816883933498e+06
743     1.425760106558711268e+06
744     1.424183161102918675e+06
745     1.433824972755224444e+06
746     1.431903285504123196e+06
747     1.441192091002498753e+06
748     1.451660383984966902e+06
749     1.450480368954678765e+06
750     1.453560098711372120e+06
751     1.458895544082171749e+06
752     1.464317874050161336e+06
753     1.467015950420998735e+06
754     1.469151721591347363e+06
755     1.467205756944228429e+06
756     1.467644223233924014e+06
757     1.469683747250558576e+06
758     1.469987782477211906e+06
759     1.474604583711059298e+06
760     1.493237584172623232e+06
761     1.501559913752413820e+06
762     1.503156425908403238e+06
763     1.508537712198248599e+06
764     1.512620929853214184e+06
765     1.510643563153706025e+06
766     1.524408989262111485e+06
767     1.526275384443746181e+06
768     1.529575474098871462e+06
769     1.527586505626595812e+06
770     1.536200105608649086e+06
771     1.537173677048722981e+06
772     1.544297673101994907e+06
773     1.542299694295007735e+06
774     1.543530419947951566e+06
775     1.547272100434848573e+06
776     1.549910975662347395e+06
777     1.554049971706188517e+06
778     1.560542634635706665e+06
779     1.561327719903700519e+06
780     1.569151335068647051e+06
781     1.575392970674831420e+06
782     1.588525264262396842e+06
783     1.586496794661199208e+06
784     1.586684737471959786e+06
785     1.587806613099439768e+06
786     1.592431253097091569e+06
787     1.596624954550111899e+06
788     1.595786724593322491e+06
789     1.597436358472020365e+06
790     1.597976664814860327e+06
791     1.600159521754596615e+06
792     1.603376606130227912e+06
793     1.604948898248945363e+06
794     1.605118895374495536e+06
795     1.606489948917491827e+06
796     1.610967052182793850e+06
797     1.614550527394212782e+06
798     1.612528260994966840e+06
799     1.610510912313893437e+06
800     1.612264461036628811e+06
801     1.611124881783785531e+06
802     1.610789827378389426e+06
803     1.609455178239034722e+06
804     1.607454303379413905e+06
805     1.605458366545014083e+06
806     1.604448137584001292e+06
807     1.605843486766130198e+06
808     1.608134016679951688e+06
809     1.607755183335768990e+06
810     1.606587615026281448e+06
811     1.606039641774299787e+06
812     1.604062472745950334e+06
813     1.604127516012481879e+06
814     1.605145645959963556e+06
815     1.604518924679429037e+06
816     1.605453079844153719e+06
817     1.606595105826316401e+06
818     1.606564745434844634e+06
819     1.607823706928617088e+06
820     1.610313670520396205e+06
821     1.609949341353877215e+06
822     1.610311564325772459e+06
823     1.610409620245591504e+06
824     1.608455676690968918e+06
825     1.610843210902367020e+06
826     1.609552830755952280e+06
827     1.612446466374211479e+06
828     1.613750573275731876e+06
829     1.611804743166752625e+06
830     1.613504929208775749e+06
831     1.613421222894873703e+06
832     1.615025862794833723e+06
833     1.615783896997205447e+06
834     1.619127070730398409e+06
835     1.617188767329521244e+06
836     1.615254849933234975e+06
837     1.615908219046082580e+06
838     1.615767708543893183e+06
839     1.615632373175776564e+06
840     1.613709376018160488e+06
841     1.613828876058154041e+06
842     1.616755816348667955e+06
843     1.618769374547361629e+06
844     1.616852245175451040e+06
845     1.614939459282282274e+06
846     1.615329757528421702e+06
847     1.616767651030431734e+06
848     1.616805688376443461e+06
849     1.615571515336837852e+06
850     1.613671592155906139e+06
851     1.615759305284521310e+06
852     1.620421465899222530e+06
853     1.621538962803998031e+06
854     1.626938837673518574e+06
855     1.626026274077235488e+06
856     1.628636787172494689e+06
857     1.635830323448715964e+06
858     1.639998542494355235e+06
859     1.639948631996857934e+06
860     1.649081787342994474e+06
861     1.649513703046718147e+06
862     1.654907890500796027e+06
863     1.657473764710683376e+06
864     1.660866159199021291e+06
865     1.662253306537403958e+06
866     1.672360200252750190e+06
867     1.675638946546580410e+06
868     1.674481869712626329e+06
869     1.674506437949310755e+06
870     1.675507732967394404e+06
871     1.678972600722622825e+06
872     1.684340449572109850e+06
873     1.683742046233014669e+06
874     1.683215774200238986e+06
875     1.688373179867120693e+06
876     1.697383202149503399e+06
877     1.698109804947808152e+06
878     1.697638687788173789e+06
879     1.695707331391012762e+06
880     1.697520094228944974e+06
881     1.701678114099024562e+06
882     1.700982771134959767e+06
883     1.706847172670475207e+06
884     1.708823470253556035e+06
885     1.710289438276517205e+06
886     1.715491060605946230e+06
887     1.720900410398170818e+06
888     1.719044348778137472e+06
889     1.725264221032770583e+06
890     1.723668339554364793e+06
891     1.723433906465931563e+06
892     1.722243961272850865e+06
893     1.721652829895426519e+06
894     1.728876938069595955e+06
895     1.729800471462280490e+06
896     1.727870172013320727e+06
897     1.734056819858228788e+06
898     1.734462092731181532e+06
899     1.732533379881899338e+06
900     1.731894821005391655e+06
901     1.737144233936294215e+06
902     1.735218644093890209e+06
903     1.734455456698767375e+06
904     1.732536881995804142e+06
905     1.744122378054396715e+06
906     1.743029095660286723e+06
907     1.743274930304358713e+06
908     1.744876473810200347e+06
909     1.745239752550979843e+06
910     1.744384125450916355e+06
911     1.742469363530797185e+06
912     1.742182665801465046e+06
913     1.744082415714951465e+06
914     1.743363938109318726e+06
915     1.744754149103074335e+06
916     1.744665386349086883e+06
917     1.744576760537619935e+06
918     1.746009826358091319e+06
919     1.747798209728710819e+06
920     1.747461965128470445e+06
921     1.748121312082240591e+06
922     1.746981674813944381e+06
923     1.753115203148236731e+06
924     1.751218564916784177e+06
925     1.754507793903326383e+06
926     1.759144304508800153e+06
927     1.764204437640277436e+06
928     1.767124569664644310e+06
929     1.770308461225827457e+06
930     1.771891369826816721e+06
931     1.776787418633768801e+06
932     1.777687025491628563e+06
933     1.775782481742875185e+06
934     1.777818084102347726e+06
935     1.775918317882031435e+06
936     1.778475541749556782e+06
937     1.776579016258243471e+06
938     1.777043364557789871e+06
939     1.783951389644370880e+06
940     1.782054631888153497e+06
941     1.785131656134411227e+06
942     1.799593487216447247e+06
943     1.798772566031855531e+06
944     1.800436212166419718e+06
945     1.803170408545323880e+06
946     1.803550226949625649e+06
947     1.803264680308527546e+06
948     1.801363098806152586e+06
949     1.801355120700340951e+06
950     1.805887814035769552e+06
951     1.803989430035141297e+06
952     1.810937598405767232e+06
953     1.810896972633390455e+06
954     1.808999988845734857e+06
955     1.815891378090229584e+06
956     1.813993314408323029e+06
957     1.812098717908065068e+06
958     1.817280300913084066e+06
959     1.825249632535231300e+06
960     1.826955321703416761e+06
961     1.833676982301808661e+06
962     1.832365244710444473e+06
963     1.830963095805683173e+06
964     1.835559372338430956e+06
965     1.839947440099693835e+06
966     1.844801090373751009e+06
967     1.848466111347707687e+06
968     1.846557579356340226e+06
969     1.844652788868368138e+06
970     1.844979340747884708e+06
971     1.851839627961038379e+06
972     1.855313694494363852e+06
973     1.858345301966648083e+06
974     1.860494069287972758e+06
975     1.861361040262644412e+06
976     1.864965140811566496e+06
977     1.866742131800387055e+06
978     1.867059440766982269e+06
979     1.869719375048967544e+06
980     1.871041806914775399e+06
981     1.879741670986894052e+06
982     1.884844216403893195e+06
983     1.884831047245792346e+06
984     1.890705002787982346e+06
985     1.894370837078141514e+06
986     1.899926303900542203e+06
987     1.900202599630000070e+06
988     1.910825885257567046e+06
989     1.914940875249224016e+06
990     1.918266691663356731e+06
991     1.922059643676142208e+06
992     1.932174420250672614e+06
993     1.930228434941711137e+06
994     1.936395813783614198e+06
995     1.939949304448564770e+06
996     1.938001818192189327e+06
997     1.943499790767532773e+06
998     1.945343699915776029e+06
999     1.951121210363548715e+06
1000    1.953725551079056226e+06
1001    1.952915745841863798e+06
1002    1.956689720853129402e+06
1003    1.957894564839276718e+06
1004    1.957812509391217260e+06
1005    1.958579373970294138e+06
1006    1.959133319963407936e+06
1007    1.965344336202363716e+06
1008    1.964237864421336446e+06
1009    1.966196920561300358e+06
1010    1.967073632824079599e+06
1011    1.970503405300510116e+06
1012    1.975178428492122795e+06
1013    1.974470839563445188e+06
1014    1.974460110225476557e+06
1015    1.977452017911847681e+06
1016    1.978115984908420825e+06
1017    1.980933482683005976e+06
1018    1.980452263689831831e+06
1019    1.980186020623394521e+06
1020    1.978787353549576597e+06
1021    1.979905675039297203e+06
1022    1.978953381834049709e+06
1023    1.977018683170895092e+06
1024    1.977408326233395375e+06
1025    1.977829141422097804e+06
1026    1.978826387570658000e+06
1027    1.978341770670791157e+06
1028    1.976896255042180419e+06
1029    1.975641764954787213e+06
1030    1.978589956131315092e+06
1031    1.976670721022787038e+06
1032    1.977804870522845071e+06
1033    1.977703495198998135e+06
1034    1.978688216404777486e+06
1035    1.983631455628095893e+06
1036    1.986582619332911214e+06
1037    1.994680044185337378e+06
1038    1.993835531578594120e+06
1039    2.001966117248049472e+06
1040    2.013122549744260730e+06
1041    2.013672967938046902e+06
1042    2.011740043636609102e+06
1043    2.013261624953139108e+06
1044    2.012251304404762341e+06
1045    2.010325705102838343e+06
1046    2.012137501232934184e+06
1047    2.010215807624870678e+06
1048    2.009992349254690809e+06
1049    2.011052374949080171e+06
1050    2.011549284147361526e+06
1051    2.011354044571441831e+06
1052    2.010894090879239840e+06
1053    2.010834280042389175e+06
1054    2.012675378856365336e+06
1055    2.010767838255247567e+06
1056    2.009470515226653777e+06
1057    2.008863922778615030e+06
1058    2.008980757592704846e+06
1059    2.007883822006134083e+06
1060    2.010939447134661488e+06
1061    2.009044796884854091e+06
1062    2.009509135231428780e+06
1063    2.016001945028092014e+06
1064    2.014107514925172320e+06
1065    2.015439385657173349e+06
1066    2.015846567178886617e+06
1067    2.013957581907844637e+06
1068    2.015359232450893149e+06
1069    2.026328555817693938e+06
1070    2.027988579193657730e+06
1071    2.027272777164210100e+06
1072    2.032594192524457350e+06
1073    2.032395215118879452e+06
1074    2.038935310560324462e+06
1075    2.041092417357938364e+06
1076    2.044776509679137962e+06
1077    2.051743048555282643e+06
1078    2.054059242666235194e+06
1079    2.055135082557963440e+06
1080    2.056075401544188382e+06
1081    2.061680456381274387e+06
1082    2.060819096440735506e+06
1083    2.059426587330301292e+06
1084    2.063570010626472766e+06
1085    2.067061582904486684e+06
1086    2.067471605063360184e+06
1087    2.070747812574413372e+06
1088    2.069916964403447229e+06
1089    2.074591464942553313e+06
1090    2.074282659029721050e+06
1091    2.072380864932093769e+06
1092    2.073993614161645528e+06
1093    2.076127011703028111e+06
1094    2.075983137293568812e+06
1095    2.077714931451274315e+06
1096    2.079444571796767646e+06
1097    2.084033626294219866e+06
1098    2.087359430070857750e+06
1099    2.093119551998535171e+06
1100    2.094141520031833323e+06
1101    2.093699802187807392e+06
1102    2.095858817697712686e+06
1103    2.102960384300128557e+06
1104    2.103120120240693912e+06
1105    2.101767567397286184e+06
1106    2.104421850533487741e+06
1107    2.104949588960909750e+06
1108    2.106551089027032722e+06
1109    2.106156272177800536e+06
1110    2.104258307529098820e+06
1111    2.104325479938123375e+06
1112    2.103715437473290600e+06
1113    2.103261624926313758e+06
1114    2.101747331007317640e+06
1115    2.099862087258088868e+06
1116    2.100986121169265825e+06
1117    2.099562027128252666e+06
1118    2.098726183242165949e+06
1119    2.099751301006337628e+06
1120    2.105967179427246563e+06
1121    2.105012058166536503e+06
1122    2.105648675526706036e+06
1123    2.110259232221312355e+06
1124    2.111566783761994448e+06
1125    2.109689841801607516e+06
1126    2.108656035523191560e+06
1127    2.109946797028437257e+06
1128    2.108785567763327621e+06
1129    2.110658617031810340e+06
1130    2.112226558731578290e+06
1131    2.110358686436266638e+06
1132    2.109624814206453972e+06
1133    2.112424131310546305e+06
1134    2.110561108436581213e+06
1135    2.111630706856687553e+06
1136    2.110834592842397280e+06
1137    2.110495028274065349e+06
1138    2.112989565999071114e+06
1139    2.115637242065172177e+06
1140    2.113781168496197555e+06
1141    2.120251795193485916e+06
1142    2.120820593753255438e+06
1143    2.122334670838376042e+06
1144    2.128498726039484143e+06
1145    2.127234997570989653e+06
1146    2.129900538747173734e+06
1147    2.128986602958782576e+06
1148    2.129113994295017794e+06
1149    2.130022924851429649e+06
1150    2.130203612935738172e+06
1151    2.133133392524533439e+06
1152    2.136619276899775490e+06
1153    2.136333788207573351e+06
1154    2.139038267479724716e+06
1155    2.140134042280858848e+06
1156    2.140653532395375893e+06
1157    2.140146821033550426e+06
1158    2.141666632386687677e+06
1159    2.140405637525295373e+06
1160    2.142468075241631828e+06
1161    2.141401346148421988e+06
1162    2.143940375917991158e+06
1163    2.144043362923068460e+06
1164    2.142574966399331577e+06
1165    2.141474290756270289e+06
1166    2.146196569778698962e+06
1167    2.146792249889136292e+06
1168    2.147335111227534711e+06
1169    2.147337336197326891e+06
1170    2.147431053009246942e+06
1171    2.147868136162485927e+06
1172    2.148883125712618232e+06
1173    2.147383631209981628e+06
1174    2.147561446299193427e+06
1175    2.145774441067834385e+06
1176    2.144682589002200868e+06
1177    2.149703671926242765e+06
1178    2.151169513242955320e+06
1179    2.150493023512437008e+06
1180    2.149770743165758438e+06
1181    2.147949968845952302e+06
1182    2.148852371561420150e+06
1183    2.147492159010848496e+06
1184    2.145913652862222865e+06
1185    2.145069324290462770e+06
1186    2.147106050397868734e+06
1187    2.147702190917595755e+06
1188    2.152894644515155349e+06
1189    2.151608059323892929e+06
1190    2.152851678460710216e+06
1191    2.151798668834140059e+06
1192    2.151573590106826276e+06
1193    2.150514891301931348e+06
1194    2.150063777367828414e+06
1195    2.148265426070697606e+06
1196    2.148787302769690752e+06
1197    2.150586926695733797e+06
1198    2.148792358873301651e+06
1199    2.147422045944193378e+06
1200    2.147275498959768098e+06
1201    2.146825371316390578e+06
1202    2.146804606663752347e+06
1203    2.147044984114944004e+06
1204    2.146852851503323298e+06
1205    2.145818936278341804e+06
1206    2.144039577555895317e+06
1207    2.142263255304182414e+06
1208    2.141236758315023966e+06
1209    2.139465501439743675e+06
1210    2.141922308093341999e+06
1211    2.142596016541637946e+06
1212    2.142777751161910594e+06
1213    2.144517213683685753e+06
1214    2.147270844731282443e+06
1215    2.146539624394513667e+06
1216    2.148106767112900969e+06
1217    2.147139643454491626e+06
1218    2.150668913144543767e+06
1219    2.149802536837170366e+06
1220    2.151887877035277896e+06
1221    2.151810673457375262e+06
1222    2.154274495975981466e+06
1223    2.152512792949497700e+06
1224    2.152607300557995215e+06
1225    2.150849770502638537e+06
1226    2.150495370270296466e+06
1227    2.152938245030645281e+06
1228    2.151184637674219441e+06
1229    2.153952452458631713e+06
1230    2.155234393514570314e+06
1231    2.155899509720327333e+06
1232    2.154419883533629589e+06
1233    2.157214478945599869e+06
1234    2.156890530642111320e+06
1235    2.156323550800027791e+06
1236    2.159288694496544078e+06
1237    2.157757795498658437e+06
1238    2.159661275041937362e+06
1239    2.157917866903099231e+06
1240    2.157052394953795709e+06
1241    2.156470810885423329e+06
1242    2.155324766912454739e+06
1243    2.155714682169387583e+06
1244    2.154753813522991724e+06
1245    2.156596388574904762e+06
1246    2.157753476157052908e+06
1247    2.157425063597124070e+06
1248    2.158473629332050215e+06
1249    2.157154322580944747e+06
1250    2.157167561751534231e+06
1251    2.155943997072584461e+06
1252    2.154221715497403871e+06
1253    2.153288382343315519e+06
1254    2.152364641736606136e+06
1255    2.154327521164841019e+06
1256    2.154219246891060378e+06
1257    2.152681261793515645e+06
1258    2.151839411655482836e+06
1259    2.151452023958272301e+06
1260    2.152381961238770280e+06
1261    2.152445578460183460e+06
1262    2.151931745391247794e+06
1263    2.152943661692590453e+06
1264    2.151240235763323959e+06
1265    2.150390591942902654e+06
1266    2.151412186835886911e+06
1267    2.153195535857432056e+06
1268    2.157615525656373706e+06
1269    2.158683590441705193e+06
1270    2.159977748691566288e+06
1271    2.158811316957440693e+06
1272    2.157354168435385451e+06
1273    2.160393694728715345e+06
1274    2.160189530584218446e+06
1275    2.159595149705919437e+06
1276    2.162444915825695731e+06
1277    2.165403210504021496e+06
1278    2.165488096056017559e+06
1279    2.163794901378056966e+06
1280    2.165205593393701594e+06
1281    2.164237310157590080e+06
1282    2.165296154190438334e+06
1283    2.169894144046421163e+06
1284    2.176237214289056137e+06
1285    2.177132566496885382e+06
1286    2.175960260315069929e+06
1287    2.174986784640606958e+06
1288    2.174201170404838398e+06
1289    2.174308933525347151e+06
1290    2.173615015389517881e+06
1291    2.174709228410164360e+06
1292    2.178105572116195690e+06
1293    2.185860698687246069e+06
1294    2.189252722019275185e+06
1295    2.188962223462702241e+06
1296    2.189850637494726572e+06
1297    2.192823854087621905e+06
1298    2.195370103272470180e+06
1299    2.194536978438813705e+06
1300    2.192848911384129431e+06
1301    2.192232241729248315e+06
1302    2.192507978205067106e+06
1303    2.192105377946068998e+06
1304    2.193400693041433115e+06
1305    2.192275007368903607e+06
1306    2.192928773911849130e+06
1307    2.191896674265000969e+06
1308    2.191425206968836021e+06
1309    2.191516147695651278e+06
1310    2.191014756729549728e+06
1311    2.190852796520064119e+06
1312    2.191750545238305815e+06
1313    2.193162861160189845e+06
1314    2.193390100873504300e+06
1315    2.194205090554170776e+06
1316    2.194635589186644647e+06
1317    2.195757935451684054e+06
1318    2.195447281349391211e+06
1319    2.196108278460200410e+06
1320    2.194968357891239226e+06
1321    2.193966630791685078e+06
1322    2.193163687061046250e+06
1323    2.193942137023283634e+06
1324    2.192908329779646359e+06
1325    2.192038388262606226e+06
1326    2.192933530330586247e+06
1327    2.191280911942448933e+06
1328    2.193001436843011528e+06
1329    2.193597349111556076e+06
1330    2.194210770829196088e+06
1331    2.195679122728681192e+06
1332    2.194582182988676243e+06
1333    2.193812580282746349e+06
1334    2.193643361468797550e+06
1335    2.193286372608263046e+06
1336    2.191644686026922893e+06
1337    2.190540774965387303e+06
1338    2.190010681200489867e+06
1339    2.191073706034504343e+06
1340    2.190422034472857136e+06
1341    2.191969691735476721e+06
1342    2.191217213591462467e+06
1343    2.191048341520371381e+06
1344    2.189418017767027952e+06
1345    2.190364265261479188e+06
1346    2.190704321916222572e+06
1347    2.190053693745097611e+06
1348    2.192396001612807624e+06
1349    2.190771093852224294e+06
1350    2.189148555970201734e+06
1351    2.188742796548589133e+06
1352    2.189883709669179749e+06
1353    2.190694232473373879e+06
1354    2.192302875251229852e+06
1355    2.194226100651978515e+06
1356    2.193731461446778849e+06
1357    2.194134830447841901e+06
1358    2.193498183793160133e+06
1359    2.191884216581739951e+06
1360    2.192543720275819302e+06
1361    2.191187973359853029e+06
1362    2.192105501216060016e+06
1363    2.190812211737163365e+06
1364    2.191231265719155315e+06
1365    2.190392984315076377e+06
1366    2.190060304327091668e+06
1367    2.189413341846465133e+06
1368    2.188743216097636614e+06
1369    2.187144350860163569e+06
1370    2.186524418978792150e+06
1371    2.185308573230238631e+06
1372    2.183886935472149868e+06
1373    2.183452685824354645e+06
1374    2.182144732195488643e+06
1375    2.181418822789935395e+06
1376    2.180427117534388322e+06
1377    2.179136727661031298e+06
1378    2.179110030543517787e+06
1379    2.177529609974983148e+06
1380    2.176306688760332763e+06
1381    2.175390236176958308e+06
1382    2.175034311373856850e+06
1383    2.173729300989163108e+06
1384    2.173139557501100935e+06
1385    2.172800894928953610e+06
1386    2.172061908730999101e+06
1387    2.172120680390888359e+06
1388    2.171036929088592064e+06
1389    2.171629566735935397e+06
1390    2.171326600034328178e+06
1391    2.170033457097185776e+06
1392    2.168869810243157204e+06
1393    2.168365896166401915e+06
1394    2.167399916503513698e+06
1395    2.167468288860840257e+06
1396    2.167492723937102128e+06
1397    2.166396760007482953e+06
1398    2.165852268998322077e+06
1399    2.164906572015010752e+06
1400    2.163588307399821933e+06
1401    2.162614915449806023e+06
1402    2.161121720045137685e+06
1403    2.160531993688873015e+06
1404    2.159023442251224536e+06
1405    2.158259045657427981e+06
1406    2.156723675440155901e+06
1407    2.155361462961819489e+06
1408    2.154832879008375108e+06
1409    2.154058854329055175e+06
1410    2.152801794678387232e+06
1411    2.151376147256476339e+06
1412    2.150843958050447982e+06
1413    2.149862927717682440e+06
1414    2.149747121042289771e+06
1415    2.148869027520506643e+06
1416    2.147544826498097274e+06
1417    2.146235431801995263e+06
1418    2.145782376061515417e+06
1419    2.144270001938657369e+06
1420    2.143687818682736252e+06
1421    2.142697650230087340e+06
1422    2.142711054382467177e+06
1423    2.141457869715810753e+06
1424    2.140712183044695761e+06
1425    2.139458888691832777e+06
1426    2.138883386344091967e+06
1427    2.137495261531108525e+06
1428    2.136601808137839194e+06
1429    2.135681026188709307e+06
1430    2.134976306858728640e+06
1431    2.134648911160111427e+06
1432    2.134110769025174435e+06
1433    2.133486229302161373e+06
1434    2.132555730255782139e+06
1435    2.132216598825066816e+06
1436    2.130833640087910462e+06
1437    2.129381791589748580e+06
1438    2.128061695932447910e+06
1439    2.126823229662796948e+06
1440    2.125531064307017718e+06
1441    2.124164093780627009e+06
1442    2.122801725670770742e+06
1443    2.121547123355088290e+06
1444    2.120514539814722259e+06
1445    2.119550257504930720e+06
1446    2.118780277969611343e+06
1447    2.117315769074189477e+06
1448    2.116234396578139625e+06
1449    2.115355893754648976e+06
1450    2.114885337629884481e+06
1451    2.114123725138350390e+06
1452    2.113781924737971276e+06
1453    2.113294729580532294e+06
1454    2.114126592955166474e+06
1455    2.114196339804194868e+06
1456    2.113090428004800342e+06
1457    2.111860882969953120e+06
1458    2.110528658937733620e+06
1459    2.109332065177965909e+06
1460    2.108077852418038528e+06
1461    2.106699679454938043e+06
1462    2.105340410267136525e+06
1463    2.103901044159150682e+06
1464    2.103264482891423162e+06
1465    2.101986908912482206e+06
1466    2.100729182525207289e+06
1467    2.100445957220275421e+06
1468    2.100225546801045071e+06
1469    2.099840719367387705e+06
1470    2.098817938969952986e+06
1471    2.097662323753392324e+06
1472    2.096697606179701397e+06
1473    2.095750853091492085e+06
1474    2.096027573566467501e+06
1475    2.095244518046053359e+06
1476    2.094939272657315247e+06
1477    2.094798606345799984e+06
1478    2.094062865492155310e+06
1479    2.093960804402339971e+06
1480    2.092763456918773009e+06
1481    2.091350107862484176e+06
1482    2.090340962035304401e+06
1483    2.089627797846555943e+06
1484    2.089053737330775475e+06
1485    2.088481130308608059e+06
1486    2.087417225746726152e+06
1487    2.086246163523888681e+06
1488    2.085043640622648178e+06
1489    2.083643076256671222e+06
1490    2.082613976780827856e+06
1491    2.081427348988126032e+06
1492    2.080290836206164910e+06
1493    2.078897162860303186e+06
1494    2.077904775564558106e+06
1495    2.077711387887132587e+06
1496    2.076966905566589441e+06
1497    2.076786621484225616e+06
1498    2.077040010671968106e+06
1499    2.076929881923538167e+06
1500    2.075545008016836829e+06
1501    2.074161898046861170e+06
1502    2.074092858911885647e+06
1503    2.073620208940596553e+06
1504    2.072795306025526021e+06
1505    2.071710603349716868e+06
1506    2.071185391202472150e+06
1507    2.071339893694655271e+06
1508    2.070648121306559537e+06
1509    2.069535707795368740e+06
1510    2.068237018355267821e+06
1511    2.067520011602518149e+06
1512    2.066850177846231498e+06
1513    2.066653204117946327e+06
1514    2.065571560461363522e+06
1515    2.064207886129262857e+06
1516    2.062973191159636946e+06
1517    2.061797619116556132e+06
1518    2.060764151541196741e+06
1519    2.060083135975979967e+06
1520    2.060035826583344024e+06
1521    2.059388722718978534e+06
1522    2.058395462892919546e+06
1523    2.057431961492864415e+06
1524    2.057719299162218347e+06
1525    2.057172866846567253e+06
1526    2.056626990994211519e+06
1527    2.055952414461862762e+06
1528    2.055300246420330834e+06
1529    2.054676022932450054e+06
1530    2.053426199918972328e+06
1531    2.052215779277074616e+06
1532    2.052453624805740546e+06
1533    2.051222886175630847e+06
1534    2.050482940026562428e+06
1535    2.049895230640234891e+06
1536    2.048977446172145894e+06
1537    2.047644111714946805e+06
1538    2.046312450588159729e+06
1539    2.045189888408504659e+06
1540    2.044422587842435576e+06
1541    2.043492706120773917e+06
1542    2.042265852582926396e+06
1543    2.041703270442154026e+06
1544    2.040762107329281513e+06
1545    2.041449374231388560e+06
1546    2.040980115581976715e+06
1547    2.039820123647375265e+06
1548    2.038562246821937384e+06
1549    2.037478429462085944e+06
1550    2.036459053738967748e+06
1551    2.036054012000543298e+06
1552    2.035323762301408686e+06
1553    2.034802809547311394e+06
1554    2.034062908610418672e+06
1555    2.033746838538084878e+06
1556    2.032727080211233348e+06
1557    2.031918388817641651e+06
1558    2.030900979620138882e+06
1559    2.029637106835371349e+06
1560    2.029197255676723085e+06
1561    2.027897059504690114e+06
1562    2.026947322164493613e+06
1563    2.026126886044350220e+06
1564    2.025223362687160028e+06
1565    2.024450935211405391e+06
1566    2.023546904833598761e+06
1567    2.023998519051473355e+06
1568    2.023651348904292798e+06
1569    2.022564926464790246e+06
1570    2.021874996798158390e+06
1571    2.020955285852677189e+06
1572    2.020055438004325144e+06
1573    2.019026382067103405e+06
1574    2.018981946829634253e+06
1575    2.017699820667654276e+06
1576    2.016694327560519800e+06
1577    2.015445775004002033e+06
1578    2.014628806573640089e+06
1579    2.014220334011016414e+06
1580    2.013583643092704937e+06
1581    2.012792492154132808e+06
1582    2.012661843307237374e+06
1583    2.012511717026734725e+06
1584    2.011572348353755660e+06
1585    2.011390804440096021e+06
1586    2.011849601698391838e+06
1587    2.012696071577313356e+06
1588    2.012162060957913753e+06
1589    2.011705603469900554e+06
1590    2.010795821146417875e+06
1591    2.010275277592050843e+06
1592    2.009694258120037382e+06
1593    2.009281448106479133e+06
1594    2.008386042506484082e+06
1595    2.007431435746036237e+06
1596    2.007238698084050789e+06
1597    2.005981617589319358e+06
1598    2.005995960056387819e+06
1599    2.004991532137842150e+06
1600    2.004940895133668557e+06
1601    2.004051111021271441e+06
1602    2.003385663641245570e+06
1603    2.003197907732781023e+06
1604    2.002346018128761090e+06
1605    2.001212552307055332e+06
1606    2.000095490942645352e+06
1607    1.999139569472050527e+06
1608    1.999030692250076449e+06
1609    1.998571407059744932e+06
1610    1.997478115790406941e+06
1611    1.996644672237015329e+06
1612    1.996608331656213617e+06
1613    1.996251616623389767e+06
1614    1.995334718558833003e+06
1615    1.994645705321406014e+06
1616    1.994012692528820131e+06
1617    1.993296810464558192e+06
1618    1.992253879846939351e+06
1619    1.991176752898316830e+06
1620    1.990526762040456291e+06
1621    1.989622955255655339e+06
1622    1.989232957223736681e+06
1623    1.988007273281633621e+06
1624    1.987043384001878090e+06
1625    1.986030834705013316e+06
1626    1.985146334437572630e+06
1627    1.984043511540542822e+06
1628    1.982824613910792395e+06
1629    1.981732718597653555e+06
1630    1.980671740407980047e+06
1631    1.979838841946427478e+06
1632    1.978966775772811146e+06
1633    1.977908806344851386e+06
1634    1.977306540722127538e+06
1635    1.976572295447048964e+06
1636    1.975557145022340119e+06
1637    1.974768201044879621e+06
1638    1.973562396552295890e+06
1639    1.973246798476867378e+06
1640    1.972138529526574537e+06
1641    1.971170611458464293e+06
1642    1.970138473587219836e+06
1643    1.969610271436449606e+06
1644    1.969072431086196797e+06
1645    1.968221709734752541e+06
1646    1.967800482746448135e+06
1647    1.967101016470913542e+06
1648    1.966032032608891139e+06
1649    1.965001171045037452e+06
1650    1.963985699064682005e+06
1651    1.963127912205964094e+06
1652    1.962843978293948108e+06
1653    1.961707447823463241e+06
1654    1.960758163275431143e+06
1655    1.959795527868245728e+06
1656    1.958812814433962107e+06
1657    1.957909136018511839e+06
1658    1.957289295068458887e+06
1659    1.956109366077441024e+06
1660    1.955682624113490107e+06
1661    1.954931247508373810e+06
1662    1.953907750417684903e+06
1663    1.953292183185141301e+06
1664    1.952629843356909230e+06
1665    1.951456974473309470e+06
1666    1.950707533460601233e+06
1667    1.949596152681169566e+06
1668    1.948558956590395421e+06
1669    1.948448373034652323e+06
1670    1.947281507475770311e+06
1671    1.947198223680468509e+06
1672    1.946033573719420237e+06
1673    1.945295536508750170e+06
1674    1.944338347073788522e+06
1675    1.943404884919960285e+06
1676    1.942442928820393281e+06
1677    1.941284460736203473e+06
1678    1.940593360181520693e+06
1679    1.939739925228397595e+06
1680    1.939614204971931875e+06
1681    1.938950658174945042e+06
1682    1.938090827604976716e+06
1683    1.937010134664889891e+06
1684    1.935859725971739274e+06
1685    1.934880176318376325e+06
1686    1.934436907509865705e+06
1687    1.933641472630849574e+06
1688    1.932902919573084684e+06
1689    1.932470500617471989e+06
1690    1.931576160969402641e+06
1691    1.930433771853830433e+06
1692    1.929424705680597341e+06
1693    1.928461631962831132e+06
1694    1.927499733438218944e+06
1695    1.927140276577372802e+06
1696    1.926003869348820066e+06
1697    1.925037897655743174e+06
1698    1.924305137904605363e+06
1699    1.923915884287547320e+06
1700    1.923438167002728442e+06
1701    1.922614412001717603e+06
1702    1.921955726150707342e+06
1703    1.920999995980004082e+06
1704    1.920172922704964178e+06
1705    1.919107620617062319e+06
1706    1.918593802330444101e+06
1707    1.917511869570117444e+06
1708    1.917534576651740586e+06
1709    1.916728295621275436e+06
1710    1.915914545786587987e+06
1711    1.915519370547260158e+06
1712    1.914560152750895126e+06
1713    1.914212578906374052e+06
1714    1.913395822210405022e+06
1715    1.912501327197681414e+06
1716    1.911386629399330821e+06
1717    1.910273230243095430e+06
1718    1.910570619445013348e+06
1719    1.911573740601771511e+06
1720    1.910542158504735678e+06
1721    1.909544883462238824e+06
1722    1.908731654193372233e+06
1723    1.907642949938392267e+06
1724    1.906589054836467607e+06
1725    1.905717361550471745e+06
1726    1.904613107139796019e+06
1727    1.903614174790415447e+06
1728    1.902737905174745247e+06
1729    1.902149216068152571e+06
1730    1.901182469816039316e+06
1731    1.900506468082544859e+06
1732    1.899485731627873611e+06
1733    1.898566626205459004e+06
1734    1.897714584810250206e+06
1735    1.896674713043089956e+06
1736    1.895682441917029442e+06
1737    1.894949012145088520e+06
1738    1.894171872361915652e+06
1739    1.893684483556116233e+06
1740    1.892822516529335175e+06
1741    1.891800935139414854e+06
1742    1.890781045676817885e+06
1743    1.889936464637618512e+06
1744    1.889133955240267329e+06
1745    1.888051233367121313e+06
1746    1.887341326600420754e+06
1747    1.886315689726678887e+06
1748    1.885236399521675194e+06
1749    1.884207318056200398e+06
1750    1.883205340719515225e+06
1751    1.882227812113140943e+06
1752    1.881451509779074462e+06
1753    1.880409972473962465e+06
1754    1.879548894342970802e+06
1755    1.878620675502934726e+06
1756    1.877685643849517219e+06
1757    1.876885310761730419e+06
1758    1.876093913762094453e+06
1759    1.875153074513769476e+06
1760    1.874110803267806768e+06
1761    1.873598821191971423e+06
1762    1.872892667146925814e+06
1763    1.872092022313488182e+06
1764    1.872066776782977395e+06
1765    1.871073204409852857e+06
1766    1.870251441224906826e+06
1767    1.869192828833421459e+06
1768    1.868504400535114110e+06
1769    1.867477167364134686e+06
1770    1.866494943652587943e+06
1771    1.865512823456279235e+06
1772    1.864832396218445152e+06
1773    1.863892745058408706e+06
1774    1.862980457782446872e+06
1775    1.862249677128332434e+06
1776    1.861377286077620694e+06
1777    1.860412673613878898e+06
1778    1.859653712988696760e+06
1779    1.858705626371204155e+06
1780    1.858226929532678565e+06
1781    1.857457999371720478e+06
1782    1.856782627194754779e+06
1783    1.856282945595712634e+06
1784    1.855657505042603705e+06
1785    1.855370394839102169e+06
1786    1.854911193639816949e+06
1787    1.853971131130129099e+06
1788    1.853358435845301487e+06
1789    1.852875936729203444e+06
1790    1.852025383660607273e+06
1791    1.851801550959670916e+06
1792    1.850899750773209846e+06
1793    1.850295561929951189e+06
1794    1.849263966937165242e+06
1795    1.848682921451532748e+06
1796    1.847687122427637922e+06
1797    1.847377855369551107e+06
1798    1.846643705577230547e+06
1799    1.845855973081420176e+06
1800    1.844847536252942169e+06
1801    1.844223351639144588e+06
1802    1.843388358837615466e+06
1803    1.842818165781458141e+06
1804    1.842402892689360073e+06
1805    1.841855301585990237e+06
1806    1.840835286763883429e+06
1807    1.839982152980700135e+06
1808    1.839282365365481935e+06
1809    1.838308482874654001e+06
1810    1.837430441411191132e+06
1811    1.836481829495969694e+06
1812    1.835527228010081220e+06
1813    1.834687399028911721e+06
1814    1.833675812454539584e+06
1815    1.833545874327190919e+06
1816    1.832558635876709130e+06
1817    1.831596151675185189e+06
1818    1.830769997947175056e+06
1819    1.830035004096062854e+06
1820    1.829387643208811060e+06
1821    1.829028089558610925e+06
1822    1.828682908697532257e+06
1823    1.827679633007974364e+06
1824    1.826821796121943509e+06
1825    1.825964790616610087e+06
1826    1.825503620613676962e+06
1827    1.824787275588338729e+06
1828    1.824111503839983139e+06
1829    1.823737209095723927e+06
1830    1.822967711698727449e+06
1831    1.822157530226290924e+06
1832    1.821424345285360701e+06
1833    1.820733974699171493e+06
1834    1.819953718368488830e+06
1835    1.819739292914819438e+06
1836    1.818863534081850434e+06
1837    1.818076959078356391e+06
1838    1.817555996843448607e+06
1839    1.816898914253784344e+06
1840    1.816271843385605142e+06
1841    1.815385964236825705e+06
1842    1.814518349548635073e+06
1843    1.814078750238460954e+06
1844    1.813094802840616088e+06
1845    1.812111936104974942e+06
1846    1.811130122255113441e+06
1847    1.810608664604432881e+06
1848    1.809826479724986013e+06
1849    1.809388246766278753e+06
1850    1.808866093272754224e+06
1851    1.808106139009725302e+06
1852    1.807129653097968083e+06
1853    1.806664311534351669e+06
1854    1.805689627190807601e+06
1855    1.805218292838416528e+06
1856    1.804998438235031674e+06
1857    1.804265736677631969e+06
1858    1.803344722733819392e+06
1859    1.802686265242039924e+06
1860    1.801865967190905241e+06
1861    1.800930189424671466e+06
1862    1.800290015088317916e+06
1863    1.799408601781459991e+06
1864    1.798777058570527239e+06
1865    1.798028620812474750e+06
1866    1.797340784535596846e+06
1867    1.796539614545552060e+06
1868    1.795655609351565363e+06
1869    1.795116024161256617e+06
1870    1.794230194463481428e+06
1871    1.793392803756615147e+06
1872    1.792434597175743198e+06
1873    1.791836491908818018e+06
1874    1.791008922361674951e+06
1875    1.790053515533456812e+06
1876    1.789280363082001917e+06
1877    1.788545807956230827e+06
1878    1.788126637562077492e+06
1879    1.787300942867958220e+06
1880    1.786350087313822703e+06
1881    1.785807442787147593e+06
1882    1.785135547687711427e+06
1883    1.784663222041598056e+06
1884    1.784168843454389367e+06
1885    1.783227975898205535e+06
1886    1.782401127905763686e+06
1887    1.781456374681869755e+06
1888    1.780512623249296565e+06
1889    1.779808828852804843e+06
1890    1.779156034115629038e+06
1891    1.778406582235618262e+06
1892    1.777509343773522880e+06
1893    1.776749647795453668e+06
1894    1.776097284041471779e+06
1895    1.775420980772267096e+06
1896    1.774623078258149559e+06
1897    1.774159324037899962e+06
1898    1.773224449819207657e+06
1899    1.772321665806303732e+06
1900    1.771469864057156025e+06
1901    1.770537868770303670e+06
1902    1.769722707007325022e+06
1903    1.768857602766136406e+06
1904    1.768315203304152936e+06
1905    1.767386842625050806e+06
1906    1.766718554832705995e+06
1907    1.765874608600293752e+06
1908    1.764948945509839570e+06
1909    1.764136272514125565e+06
1910    1.763512623183424352e+06
1911    1.762950429314040579e+06
1912    1.762161535755992634e+06
1913    1.761473112535567489e+06
1914    1.760896022976550972e+06
1915    1.760011926334367134e+06
1916    1.759199952862388222e+06
1917    1.758660108540027402e+06
1918    1.757887862048345851e+06
1919    1.757515492819668958e+06
1920    1.756801869598637801e+06
1921    1.755958423878397793e+06
1922    1.755044649451090954e+06
1923    1.754309432780685369e+06
1924    1.753756402967662551e+06
1925    1.752995846598332049e+06
1926    1.752571120128193870e+06
1927    1.751742647467138246e+06
1928    1.750976327529526781e+06
1929    1.750469675715746125e+06
1930    1.749964251828005770e+06
1931    1.749182818440958392e+06
1932    1.748324455003313720e+06
1933    1.747577846082516247e+06
1934    1.746876532124736113e+06
1935    1.746091708770969650e+06
1936    1.745792769624955021e+06
1937    1.745066276096333750e+06
1938    1.745234827629693784e+06
1939    1.744895092137822183e+06
1940    1.744031121829304146e+06
1941    1.743371966687454144e+06
1942    1.742547762893710053e+06
1943    1.741809848266214598e+06
1944    1.741884122912834166e+06
1945    1.741183865703929216e+06
1946    1.740717536200093105e+06
1947    1.740367004796003923e+06
1948    1.739639586923000868e+06
1949    1.739355115916747134e+06
1950    1.738699401754935505e+06
1951    1.738026193521180889e+06
1952    1.737526848463021219e+06
1953    1.736637103169043083e+06
1954    1.736297125349006150e+06
1955    1.735527008720183512e+06
1956    1.735003718914313475e+06
1957    1.734441276908963453e+06
1958    1.734543425115102436e+06
1959    1.734830202655287227e+06
1960    1.734133485638559796e+06
1961    1.733614023158712778e+06
1962    1.733406622080989880e+06
1963    1.733080487330242293e+06
1964    1.732776669108998263e+06
1965    1.732099605915604625e+06
1966    1.732453486947248923e+06
1967    1.731819781081009423e+06
1968    1.731477895999885630e+06
1969    1.730598446938314708e+06
1970    1.730409877560969209e+06
1971    1.730618037988206604e+06
1972    1.730260739084361587e+06
1973    1.729769607891011052e+06
1974    1.729889315663627582e+06
1975    1.729110560269500827e+06
1976    1.729022966662485152e+06
1977    1.728682567855667090e+06
1978    1.728349346632382832e+06
1979    1.728506318307798589e+06
1980    1.728151627308117459e+06
1981    1.727485304543372244e+06
1982    1.726613712751331739e+06
1983    1.726599231564110611e+06
1984    1.725728966355648823e+06
1985    1.725724651512869867e+06
1986    1.725113631416264921e+06
1987    1.724525323925322620e+06
1988    1.724233576570907608e+06
1989    1.723366637208039174e+06
1990    1.722706135275428416e+06
1991    1.722627698373854626e+06
1992    1.722623420877285767e+06
1993    1.721958784908989677e+06
1994    1.721612184380476363e+06
1995    1.721252188136659097e+06
1996    1.720463753105248325e+06
1997    1.720808081660899799e+06
1998    1.720129215738630854e+06
1999    1.719477072372446069e+06
2000    1.719160642071070848e+06
