1       0.000000000000000000e+00
2       0.000000000000000000e+00
3       0.000000000000000000e+00
4       0.000000000000000000e+00
5       0.000000000000000000e+00
6       0.000000000000000000e+00
7       0.000000000000000000e+00
8       0.000000000000000000e+00
9       0.000000000000000000e+00
10      0.000000000000000000e+00
11      0.000000000000000000e+00
12      0.000000000000000000e+00
13      0.000000000000000000e+00
14      0.000000000000000000e+00
15      0.000000000000000000e+00
16      0.000000000000000000e+00
17      0.000000000000000000e+00
18      0.000000000000000000e+00
19      0.000000000000000000e+00
20      0.000000000000000000e+00
21      0.000000000000000000e+00
22      0.000000000000000000e+00
23      0.000000000000000000e+00
24      0.000000000000000000e+00
25      0.000000000000000000e+00
26      2.328222968904933412e-07
27      6.766706584424956539e-06
28      9.595994790534282184e-06
29      1.016707473343140761e-05
30      1.021534755456737038e-05
31      9.885820214097454660e-06
32      9.576888332406909731e-06
33      9.286679595061246570e-06
34      2.710090950717001373e-02
35      2.632659780696757629e-02
36      3.605223694737492296e-02
37      1.563526430041165538e-01
38      5.219212040425222909e-01
39      7.153779821932191307e-01
40      8.297168625155535437e-01
41      9.196847388455198224e-01
42      1.529686626128473614e+00
43      2.599721059605084150e+00
44      4.171543621684197234e+00
45      4.679514410501878885e+00
46      4.879926449248703335e+00
47      8.062273767792662582e+00
48      4.051705786625300476e+01
49      4.729740149203543353e+01
50      5.341251043625361916e+01
51      7.086691354027871625e+01
52      9.353910672268375492e+01
53      9.680169691267072096e+01
54      1.062231038107457266e+02
55      1.188163472152547229e+02
56      1.516408957303116551e+02
57      1.793012929428164455e+02
58      2.610852806833703994e+02
59      2.648999820709628352e+02
60      2.939034100560807019e+02
61      3.405128378805363809e+02
62      4.890499438874554130e+02
63      5.697117064460579741e+02
64      5.846093060430785044e+02
65      6.356174406139173243e+02
66      7.292702921180323301e+02
67      1.157243589829852453e+03
68      1.197982258597577811e+03
69      1.542738479483779201e+03
70      1.587978322683586384e+03
71      1.622425025794103703e+03
72      1.686549513810732151e+03
73      2.002716558817196983e+03
74      2.332030981522698767e+03
75      2.504986955410842256e+03
76      2.687009004471262415e+03
77      2.764624190645140516e+03
78      2.968710045912864189e+03
79      3.234573731308322294e+03
80      3.584866872898162910e+03
81      3.619496902522005712e+03
82      3.671684981613447690e+03
83      3.988564487082124288e+03
84      4.137758950894579357e+03
85      4.443189335699340518e+03
86      4.557381272760723732e+03
87      4.754869243255388028e+03
88      5.226368814207678952e+03
89      5.456670324413443268e+03
90      5.747904249786150103e+03
91      5.684740760871096427e+03
92      6.294076030170833292e+03
93      6.256480870460622100e+03
94      6.511735561112643154e+03
95      6.678167591259997607e+03
96      6.786778211347257638e+03
97      6.890480404222451398e+03
98      7.007211557326415459e+03
99      7.005851732457368598e+03
100     7.264605696957851251e+03
101     7.505552252099690122e+03
102     7.900069707158666461e+03
103     8.138027640377425996e+03
104     8.452501456735670217e+03
105     8.536854219001050296e+03
106     8.587099337636685959e+03
107     8.801537636175140506e+03
108     8.885680359749816489e+03
109     9.105576055035802710e+03
110     9.399414976292386200e+03
111     9.594116658486458618e+03
112     9.878345904463612897e+03
113     1.003440966439439580e+04
114     9.971871070912187861e+03
115     1.002775872137236365e+04
116     1.014737673314530548e+04
117     1.018860619152579966e+04
118     1.075123551850262083e+04
119     1.109089799223907539e+04
120     1.117196418977168287e+04
121     1.135562232191057774e+04
122     1.209442873680383855e+04
123     1.245277359271931346e+04
124     1.287454946473488963e+04
125     1.320858723878656929e+04
126     1.336514689732214902e+04
127     1.408060558623627730e+04
128     1.472649206010453236e+04
129     1.570128395080935479e+04
130     1.609568747969021751e+04
131     1.739063990942826422e+04
132     1.852710364822655174e+04
133     1.881115634092274558e+04
134     1.877488252882818051e+04
135     1.974617526512070617e+04
136     1.975706588734242541e+04
137     2.086507854443223914e+04
138     2.148614782021236897e+04
139     2.186396862026044619e+04
140     2.170779849879854373e+04
141     2.315266083327695742e+04
142     2.381471742347748659e+04
143     2.423700640226890755e+04
144     2.461198761456897046e+04
145     2.518677822396409101e+04
146     2.595523778644610138e+04
147     2.796165420295626609e+04
148     2.897295137573401735e+04
149     2.921036453487675681e+04
150     2.918051496846395457e+04
151     3.015774794729422501e+04
152     3.058300164503060296e+04
153     3.132774277216855626e+04
154     3.131767544461729267e+04
155     3.111563027994209187e+04
156     3.178509896253138868e+04
157     3.236831679745702786e+04
158     3.313477593833146238e+04
159     3.325250585836115351e+04
160     3.399112558745935530e+04
161     3.472489606657980039e+04
162     3.516868228600878501e+04
163     3.555318190360410517e+04
164     3.612494751605534839e+04
165     3.702959826818964939e+04
166     3.707148184385970671e+04
167     3.785989462033317250e+04
168     3.814611114593008097e+04
169     3.833517314303199964e+04
170     3.886054526032137801e+04
171     3.906901133424701402e+04
172     3.926336246153578395e+04
173     3.960734060646312719e+04
174     3.997126336858762807e+04
175     4.029444978753210307e+04
176     4.093106447752995882e+04
177     4.077902547315522679e+04
178     4.119926211905422679e+04
179     4.149868161651855189e+04
180     4.173647424674104695e+04
181     4.199926096675640292e+04
182     4.238309253111120779e+04
183     4.291374067892124003e+04
184     4.332567497452210955e+04
185     4.382235568917863566e+04
186     4.412271374089177698e+04
187     4.424267925201324397e+04
188     4.468620110388965986e+04
189     4.522254024158807442e+04
190     4.504369029173238960e+04
191     4.537686592413809558e+04
192     4.581089599524810910e+04
193     4.577046620644177892e+04
194     4.676399681164971116e+04
195     4.674458512865490047e+04
196     4.680632962006627349e+04
197     4.673090509324301092e+04
198     4.692624234851460642e+04
199     4.801591424188208475e+04
200     4.786229145474306279e+04
201     4.819217901371717016e+04
202     4.864447489717679855e+04
203     4.921146055362290645e+04
204     4.938670764760328166e+04
205     4.940986318780539295e+04
206     4.970494476730130555e+04
207     4.949615940727252018e+04
208     4.929952160725940485e+04
209     4.945123178962476959e+04
210     4.954076619196704269e+04
211     4.974671560555889300e+04
212     4.981781631508611463e+04
213     5.013764653318013734e+04
214     5.009441588360507012e+04
215     4.989869777279057598e+04
216     4.981984172718386253e+04
217     4.986413770962099807e+04
218     4.980542587192544306e+04
219     4.992344799280747247e+04
220     5.003112625506400218e+04
221     5.065708604294524412e+04
222     5.075920167221211159e+04
223     5.075790426147708058e+04
224     5.150844725581426610e+04
225     5.141008527995174518e+04
226     5.188335057844730909e+04
227     5.184363704543549102e+04
228     5.184952521295172482e+04
229     5.227651507997295266e+04
230     5.284976817027007928e+04
231     5.324922392191548715e+04
232     5.301970309280382935e+04
233     5.288409213878127775e+04
234     5.321579866403852793e+04
235     5.326945895851532259e+04
236     5.347199713777389843e+04
237     5.341300050200190890e+04
238     5.343754932943077438e+04
239     5.351179941675499867e+04
240     5.367081545265298337e+04
241     5.393557701985134918e+04
242     5.375912029091875593e+04
243     5.377360581921526318e+04
244     5.434128511311396869e+04
245     5.441451228216565505e+04
246     5.459369454338537616e+04
247     5.446375529920838744e+04
248     5.445422592367712787e+04
249     5.507496245320108574e+04
250     5.485466564845538960e+04
251     5.497823208339526900e+04
252     5.556383252964023268e+04
253     5.562110897042284341e+04
254     5.565273417956225603e+04
255     5.579031232130270655e+04
256     5.618067796586541954e+04
257     5.666107573186203808e+04
258     5.680545120406000206e+04
259     5.728335461233089154e+04
260     5.756150194711756194e+04
261     5.745557607881708100e+04
262     5.814950217117395368e+04
263     5.855668205552314612e+04
264     5.882848801116926916e+04
265     5.873401375898280821e+04
266     5.882912078198753443e+04
267     5.860878862831377046e+04
268     5.933375379334542959e+04
269     5.969390214796560758e+04
270     5.977489643472195894e+04
271     5.969151646632854681e+04
272     5.947206243890089536e+04
273     5.985345502049357310e+04
274     5.970668365471923607e+04
275     5.982905339954230294e+04
276     5.974811053208000521e+04
277     5.994787953357414517e+04
278     6.039335432936560392e+04
279     6.048626185013376380e+04
280     6.145557162320411589e+04
281     6.179163689972592692e+04
282     6.250032169413408701e+04
283     6.290847666146431584e+04
284     6.378252291917357070e+04
285     6.371208868277095462e+04
286     6.488166558821539365e+04
287     6.498080978759228310e+04
288     6.475518328728426422e+04
289     6.453111835771078040e+04
290     6.505786641949040495e+04
291     6.514671282773114945e+04
292     6.573893232422933215e+04
293     6.624587323434994323e+04
294     6.693486368685729394e+04
295     6.769088111670195940e+04
296     6.797248997881094692e+04
297     6.809515284601888561e+04
298     6.824372531023732154e+04
299     6.893117134878796060e+04
300     6.959488348364760168e+04
301     7.066706748291054100e+04
302     7.120847264095906576e+04
303     7.142264748251445417e+04
304     7.129963162552932044e+04
305     7.169345240798553277e+04
306     7.223122360334428959e+04
307     7.254406388949006214e+04
308     7.423885700801684288e+04
309     7.473126640899865015e+04
310     7.527413594717074011e+04
311     7.642534359996840067e+04
312     7.719739028830551251e+04
313     7.744902014916733606e+04
314     7.820803191709659586e+04
315     7.861264101931574987e+04
316     7.886503080862665956e+04
317     7.932266556584318459e+04
318     7.907322827876530937e+04
319     7.882535317233309615e+04
320     7.857902454948770173e+04
321     7.879407497499455349e+04
322     7.881073706818673236e+04
323     7.989869814574434713e+04
324     7.973377783902789815e+04
325     7.983768821236643998e+04
326     8.076324449778017879e+04
327     8.097365567928548262e+04
328     8.141791490526904818e+04
329     8.139069566557716462e+04
330     8.192674113760322507e+04
331     8.199426282149614417e+04
332     8.289300564692581247e+04
333     8.320640112481715914e+04
334     8.327634329915173294e+04
335     8.405870686732442118e+04
336     8.486888274008108419e+04
337     8.537116830894300074e+04
338     8.608765792817545298e+04
339     8.621482596697173722e+04
340     8.652965678389753157e+04
341     8.730933316426539386e+04
342     8.822257197961804923e+04
343     8.973918651628291991e+04
344     9.166645706353674177e+04
345     9.167400240614308859e+04
346     9.176149942758672114e+04
347     9.186886690262569755e+04
348     9.258999932441741112e+04
349     9.289110615196275467e+04
350     9.316818395398427674e+04
351     9.359005159941905004e+04
352     9.498194117905719031e+04
353     9.501570435832817748e+04
354     9.673754706312956114e+04
355     9.863193693062329839e+04
356     1.006437871488964010e+05
357     1.007708710908928479e+05
358     1.017526486620722135e+05
359     1.056470325541946368e+05
360     1.061160486308244872e+05
361     1.103235596595941897e+05
362     1.134585747338586516e+05
363     1.140176530312989344e+05
364     1.159714812667877704e+05
365     1.181968697622322943e+05
366     1.189693269463681208e+05
367     1.200084290165164566e+05
368     1.251446321209992893e+05
369     1.275829722350527736e+05
370     1.284745324106504268e+05
371     1.294289225348339387e+05
372     1.332213254953724390e+05
373     1.359680581995581160e+05
374     1.387226137801100267e+05
375     1.426356299395847018e+05
376     1.435474463553990936e+05
377     1.437639712048055371e+05
378     1.447822607964527269e+05
379     1.467528847660418833e+05
380     1.485266895031716849e+05
381     1.509743310142898117e+05
382     1.549264496392795700e+05
383     1.568205134600845631e+05
384     1.571873568087042950e+05
385     1.629925333987258491e+05
386     1.659698369691842236e+05
387     1.673454301051153743e+05
388     1.706450692028590420e+05
389     1.721193470277008309e+05
390     1.729631547938589356e+05
391     1.750803869248372212e+05
392     1.768968188140550337e+05
393     1.771646586087575997e+05
394     1.795567632168719138e+05
395     1.801695576556729502e+05
396     1.802024395909613231e+05
397     1.827532267326995207e+05
398     1.828492686900561384e+05
399     1.868772495270841173e+05
400     1.876194538015054131e+05
401     1.876360273807371559e+05
402     1.877073481236500957e+05
403     1.905387561921706656e+05
404     1.923701765684671118e+05
405     1.939153153370799264e+05
406     1.945297500738577801e+05
407     1.941720823720676708e+05
408     1.959932360987249704e+05
409     1.979539067661144654e+05
410     1.990815561129650450e+05
411     2.002981079065464728e+05
412     2.016068188314248109e+05
413     2.030691786156237649e+05
414     2.034420185742136091e+05
415     2.032926790363930922e+05
416     2.056870043011654925e+05
417     2.077416942561639880e+05
418     2.083178129200364056e+05
419     2.079277246430366358e+05
420     2.084228077268812631e+05
421     2.085393445710011874e+05
422     2.091663827755516104e+05
423     2.098903431564806378e+05
424     2.117399877845076844e+05
425     2.129010796745780681e+05
426     2.137024438507427112e+05
427     2.148312199171792017e+05
428     2.147842804058322799e+05
429     2.147456471175057814e+05
430     2.150447237300668785e+05
431     2.154321709548116487e+05
432     2.165610009442616138e+05
433     2.167943770664769399e+05
434     2.173749861476036313e+05
435     2.171943118064667215e+05
436     2.177016649556354096e+05
437     2.181102467750414799e+05
438     2.184863615649597486e+05
439     2.184274730905654433e+05
440     2.185409103053416184e+05
441     2.182074996301100764e+05
442     2.189153031371060060e+05
443     2.202137797364477010e+05
444     2.218647470800539304e+05
445     2.234676312791332894e+05
446     2.236826268814658979e+05
447     2.252578455721724313e+05
448     2.263594232904430246e+05
449     2.274275375141741533e+05
450     2.272435404272447340e+05
451     2.278168600078507443e+05
452     2.292690020551513007e+05
453     2.296114527206796629e+05
454     2.309015222230195359e+05
455     2.309313063145339256e+05
456     2.309923006916233862e+05
457     2.309848579617928481e+05
458     2.315672624118793756e+05
459     2.315586010883916169e+05
460     2.313060001290984219e+05
461     2.320603410596273607e+05
462     2.319204211778268800e+05
463     2.315249241537134803e+05
464     2.338718387293849664e+05
465     2.339858347529373714e+05
466     2.341406899038898991e+05
467     2.343135658565346384e+05
468     2.339620671835489920e+05
469     2.341682299093456240e+05
470     2.357907054914577748e+05
471     2.361729686557101086e+05
472     2.368107020024166268e+05
473     2.369936545638293028e+05
474     2.369342853384065675e+05
475     2.378341994595364959e+05
476     2.387150134862817940e+05
477     2.393339387649898417e+05
478     2.396646100939247117e+05
479     2.397949207615777268e+05
480     2.392954376705466129e+05
481     2.401090919188060216e+05
482     2.412562549522283080e+05
483     2.407568346277263190e+05
484     2.413479347037002153e+05
485     2.418783467044354766e+05
486     2.460105821589544066e+05
487     2.457883159790778300e+05
488     2.458978650723721366e+05
489     2.458090281892384228e+05
490     2.462429208612584043e+05
491     2.460288906260110089e+05
492     2.486101770800765080e+05
493     2.485217806070880033e+05
494     2.496245170686751371e+05
495     2.499209266993728816e+05
496     2.516810686713029281e+05
497     2.532399617003061285e+05
498     2.536993954112513165e+05
499     2.534385865198238753e+05
500     2.530238187423802738e+05
501     2.536615542478545103e+05
502     2.534314812417688372e+05
503     2.540406072034480458e+05
504     2.540854926912816009e+05
505     2.546369587738398113e+05
506     2.564824181942740688e+05
507     2.571754604052755458e+05
508     2.585196234824389976e+05
509     2.592425500777467387e+05
510     2.591537359143091307e+05
511     2.586466136405333527e+05
512     2.592536009651810455e+05
513     2.612312738196712453e+05
514     2.632107968901192653e+05
515     2.660853838043262949e+05
516     2.660724379352548858e+05
517     2.655578331189151504e+05
518     2.665573399041750235e+05
519     2.687045298466404784e+05
520     2.694602278679779265e+05
521     2.704174859708184958e+05
522     2.770917035087628756e+05
523     2.779940040190014988e+05
524     2.822269416578488308e+05
525     2.837874929416686064e+05
526     2.834178814628535183e+05
527     2.835016723817739985e+05
528     2.834068729338368867e+05
529     2.843384516277761431e+05
530     2.860610553714300622e+05
531     2.859760012003917946e+05
532     2.863136677933200845e+05
533     2.872131404877668247e+05
534     2.882530987433148548e+05
535     2.896823157535613282e+05
536     2.905998437129338272e+05
537     2.910158368209034088e+05
538     2.953801368313745479e+05
539     2.951666188944995520e+05
540     2.963341926275119768e+05
541     2.960047215966641088e+05
542     2.978746709768454311e+05
543     2.987230888970610104e+05
544     2.992888892404992366e+05
545     3.001374966595351580e+05
546     3.002278963902265532e+05
547     3.017886888125527767e+05
548     3.022275175365697942e+05
549     3.025641664890029351e+05
550     3.073255492525906884e+05
551     3.103552987632365548e+05
552     3.115511298427379807e+05
553     3.120560318503630697e+05
554     3.133465010379626765e+05
555     3.140781947166441241e+05
556     3.166264829046049854e+05
557     3.181488763039705227e+05
558     3.187115320552559569e+05
559     3.239877607451169752e+05
560     3.246167712905536755e+05
561     3.272752605887516402e+05
562     3.280812458334236871e+05
563     3.288016932149874046e+05
564     3.284609982805619948e+05
565     3.284867734072357416e+05
566     3.301037683577503194e+05
567     3.310985141035353299e+05
568     3.329295593933077762e+05
569     3.342881193926781416e+05
570     3.360809905561432824e+05
571     3.358160981001200271e+05
572     3.370523759762740228e+05
573     3.380045687854842399e+05
574     3.384661943123675301e+05
575     3.393666952767019393e+05
576     3.394591315042203641e+05
577     3.396572939699549461e+05
578     3.418354608902294422e+05
579     3.429389118506424129e+05
580     3.436806328129355679e+05
581     3.436593881562621100e+05
582     3.458847817148283939e+05
583     3.461652349547498161e+05
584     3.490376123715692665e+05
585     3.484410059105975670e+05
586     3.511818292808745173e+05
587     3.521792642455522437e+05
588     3.523214983610476484e+05
589     3.534600885575597640e+05
590     3.542408987355408608e+05
591     3.543691093942867010e+05
592     3.542765721940763178e+05
593     3.545285037243533880e+05
594     3.546607525861119502e+05
595     3.540647491611334844e+05
596     3.534707380755138583e+05
597     3.562365877151131281e+05
598     3.569317973659961717e+05
599     3.572025479593104101e+05
600     3.583589269728305517e+05
601     3.585766204804080189e+05
602     3.582577234766682959e+05
603     3.578296061418441823e+05
604     3.576369284267455223e+05
605     3.585892241955244681e+05
606     3.597919350697369664e+05
607     3.597731431291167391e+05
608     3.614831658545948449e+05
609     3.626360896630893694e+05
610     3.636657185762062436e+05
611     3.642353870921193738e+05
612     3.641307010595305474e+05
613     3.642283348944191239e+05
614     3.662382631573783583e+05
615     3.663468798573568929e+05
616     3.674146769039432402e+05
617     3.677143459479709854e+05
618     3.683090436811490217e+05
619     3.693357271567152347e+05
620     3.702214384950313251e+05
621     3.722497991912263678e+05
622     3.725773191497276421e+05
623     3.744301815219242126e+05
624     3.747993431259674253e+05
625     3.748007136398700532e+05
626     3.753198376725981361e+05
627     3.752838015641392558e+05
628     3.752803714425697690e+05
629     3.770465962370643974e+05
630     3.765982292296082014e+05
631     3.760486832301561953e+05
632     3.754536739964167937e+05
633     3.769539627469900297e+05
634     3.769845941318449914e+05
635     3.779070472421206650e+05
636     3.782797109501193627e+05
637     3.783421711107179290e+05
638     3.780715142970578745e+05
639     3.789643226992578129e+05
640     3.793945381939045619e+05
641     3.790441417442317470e+05
642     3.789939235397841549e+05
643     3.788069497745271074e+05
644     3.782187192893140600e+05
645     3.783673533957482432e+05
646     3.802054596511513228e+05
647     3.798217963876496651e+05
648     3.798305022132368176e+05
649     3.798146703442334547e+05
650     3.803967067261390621e+05
651     3.807091412178036408e+05
652     3.803799689202639274e+05
653     3.799983653263492160e+05
654     3.798185696135778562e+05
655     3.798848139360354398e+05
656     3.795346111262748600e+05
657     3.800329393538032309e+05
658     3.804611774788242765e+05
659     3.801614040598783176e+05
660     3.801599900533868931e+05
661     3.811561065293104039e+05
662     3.815491839367006323e+05
663     3.825904068871859345e+05
664     3.828152012280163472e+05
665     3.834483206459570210e+05
666     3.837599143387433141e+05
667     3.833487004329737974e+05
668     3.840375914838616154e+05
669     3.850189732606721227e+05
670     3.863771555278056767e+05
671     3.858013779598730616e+05
672     3.861951493642693385e+05
673     3.861925043074586429e+05
674     3.872403825426942203e+05
675     3.876658233821320464e+05
676     3.881220067439263803e+05
677     3.875487796123946900e+05
678     3.881577711388120078e+05
679     3.879750306508748909e+05
680     3.878407236837514210e+05
681     3.883822743515509646e+05
682     3.880244030094900518e+05
683     3.878141302199022612e+05
684     3.877738351531442604e+05
685     3.887908588600340881e+05
686     3.885846387824623380e+05
687     3.880190141727537848e+05
688     3.879771648174247821e+05
689     3.876183581975886482e+05
690     3.883541052622809657e+05
691     3.891364419897268526e+05
692     3.885741316524030408e+05
693     3.882197884635049850e+05
694     3.878664699783517863e+05
695     3.877622875472967280e+05
696     3.872051613197235856e+05
697     3.875729514050146099e+05
698     3.880899424089438398e+05
699     3.876286379399566213e+05
700     3.879174078442812897e+05
701     3.877519489813934779e+05
702     3.872712990225038957e+05
703     3.871489072179793729e+05
704     3.883757642731415108e+05
705     3.884492687629541615e+05
706     3.880882907517125132e+05
707     3.878839894493799657e+05
708     3.879350251140995533e+05
709     3.873878784687378793e+05
710     3.873113675022842945e+05
711     3.870819775610321667e+05
712     3.866845993378206040e+05
713     3.865698316750127706e+05
714     3.874034261751395534e+05
715     3.877800042765061953e+05
716     3.875116418293893221e+05
717     3.872066172887873836e+05
718     3.873434979064099025e+05
719     3.869490651509126183e+05
720     3.870752111504747299e+05
721     3.872061519887483446e+05
722     3.872196034263529582e+05
723     3.870679542458979413e+05
724     3.873533274221268948e+05
725     3.880463271417301730e+05
726     3.880537428169972845e+05
727     3.875199987729454879e+05
728     3.873878034269775380e+05
729     3.878146171302634175e+05
730     3.881407603697629529e+05
731     3.880734858486360754e+05
732     3.885280008057193481e+05
733     3.882275550546581508e+05
734     3.885822223841212108e+05
735     3.884452953335351194e+05
736     3.889425918369730935e+05
737     3.889871010779395583e+05
738     3.888181058479040512e+05
739     3.884678990555373020e+05
740     3.882357344517321908e+05
741     3.877118599373677280e+05
742     3.878549353812691406e+05
743     3.881653064389566425e+05
744     3.881416172911722097e+05
745     3.884253805943363695e+05
746     3.892179893782495055e+05
747     3.899354502282405738e+05
748     3.915446933532486437e+05
749     3.911610765318184858e+05
750     3.907750345572574879e+05
751     3.907853779427656555e+05
752     3.907710666131517501e+05
753     3.905198068123839912e+05
754     3.902124379771950771e+05
755     3.904789791996396962e+05
756     3.907418123396656592e+05
757     3.902256291971927276e+05
758     3.898785755801277701e+05
759     3.893648754791037645e+05
760     3.899816878680957598e+05
761     3.899310535631874227e+05
762     3.901022981987670646e+05
763     3.898863392055143486e+05
764     3.896183093852691818e+05
765     3.895818393171759089e+05
766     3.898349401932311594e+05
767     3.893266687785925460e+05
768     3.892584961741730804e+05
769     3.890748837309179944e+05
770     3.890987244046560954e+05
771     3.886514825806410518e+05
772     3.892872348564976710e+05
773     3.890627353477662546e+05
774     3.888483272693248000e+05
775     3.885429625752681168e+05
776     3.882540660139726824e+05
777     3.881836841671279399e+05
778     3.878298821214147611e+05
779     3.877382145587392151e+05
780     3.882663026077409741e+05
781     3.877692001804579049e+05
782     3.878839132805349072e+05
783     3.881205215138495550e+05
784     3.878525224727583700e+05
785     3.879296440089971293e+05
786     3.874361067589222803e+05
787     3.869438217583346996e+05
788     3.864527825801754370e+05
789     3.871294769128948683e+05
790     3.869036933694686159e+05
791     3.874557917035080609e+05
792     3.869665940121021122e+05
793     3.870394168162028072e+05
794     3.868776246962153236e+05
795     3.865627085961506236e+05
796     3.860770859600307886e+05
797     3.855926784514346509e+05
798     3.852056850192615530e+05
799     3.859665741928399657e+05
800     3.862865322784959571e+05
801     3.865044209241349599e+05
802     3.861295931858535623e+05
803     3.858449990677384194e+05
804     3.858710768719807384e+05
805     3.857183208942618221e+05
806     3.852397572840541252e+05
807     3.850448679172207485e+05
808     3.847735938580569346e+05
809     3.842979786388399079e+05
810     3.841044708815188496e+05
811     3.840696649968148558e+05
812     3.836545555671686889e+05
813     3.833938093131936039e+05
814     3.835948792608918739e+05
815     3.833007461463098880e+05
816     3.829163582522685756e+05
817     3.826181626957202679e+05
818     3.823936156475147000e+05
819     3.824160751938039903e+05
820     3.821650140552927624e+05
821     3.821321122643087874e+05
822     3.820997949210510706e+05
823     3.819565120813159156e+05
824     3.815038116788222105e+05
825     3.811561261631063535e+05
826     3.807954355042041279e+05
827     3.804727236911947257e+05
828     3.805732192892500898e+05
829     3.803208859101268463e+05
830     3.798626594390237588e+05
831     3.794055303041660227e+05
832     3.791245544580549467e+05
833     3.786694090092217666e+05
834     3.783532084631645121e+05
835     3.781324438363806112e+05
836     3.776801229717864771e+05
837     3.773158503563537379e+05
838     3.769524446942466893e+05
839     3.768183933651911793e+05
840     3.767130332178726676e+05
841     3.765438820805198629e+05
842     3.767403682091996307e+05
843     3.763076854807513882e+05
844     3.758689186999083031e+05
845     3.754240893786707311e+05
846     3.753306931874858565e+05
847     3.753000520944823511e+05
848     3.751370917590608005e+05
849     3.747905031827202765e+05
850     3.744004665887547890e+05
851     3.745345604098744225e+05
852     3.742334004224358359e+05
853     3.739837604969124659e+05
854     3.740981134247552836e+05
855     3.737987970533387270e+05
856     3.734300458668261417e+05
857     3.729942998650858062e+05
858     3.726818698734637583e+05
859     3.726310030486298492e+05
860     3.721977037389667821e+05
861     3.720792650446359185e+05
862     3.717555012711231830e+05
863     3.715266682227390120e+05
864     3.712946533556992654e+05
865     3.715903086174370255e+05
866     3.724873753083599731e+05
867     3.720577627410360146e+05
868     3.719035174153968110e+05
869     3.716334360760765267e+05
870     3.715314628791328287e+05
871     3.711727284633972449e+05
872     3.709044180242487346e+05
873     3.705689420225445065e+05
874     3.707164364432520815e+05
875     3.702927775436461670e+05
876     3.702294989722576574e+05
877     3.700009651672050823e+05
878     3.698145741803461569e+05
879     3.699770148132312461e+05
880     3.695565991897187778e+05
881     3.692545082428453024e+05
882     3.688358561311351368e+05
883     3.684181543926025042e+05
884     3.685266106674276525e+05
885     3.682261118107529473e+05
886     3.678105164386099786e+05
887     3.677949708939248230e+05
888     3.677042066079235519e+05
889     3.675311539638836985e+05
890     3.671531511596288765e+05
891     3.668606768124044174e+05
892     3.665688641170685296e+05
893     3.661981459539897623e+05
894     3.661182223915255163e+05
895     3.660607251076941611e+05
896     3.657346080006288830e+05
897     3.657243395582876401e+05
898     3.654522480438751518e+05
899     3.653157795713086380e+05
900     3.651651087851778721e+05
901     3.654892835438076290e+05
902     3.651960862509753788e+05
903     3.649343973643107456e+05
904     3.651660601916667656e+05
905     3.649049885940343374e+05
906     3.647740158734482247e+05
907     3.648445064790123142e+05
908     3.647316830428654794e+05
909     3.645773451984995045e+05
910     3.641767343202451593e+05
911     3.639281637775728013e+05
912     3.635291436266411911e+05
913     3.634316011598344776e+05
914     3.640126525458805845e+05
915     3.638589456110378960e+05
916     3.635045323442248045e+05
917     3.637554745359144872e+05
918     3.635615527932862169e+05
919     3.641360585180259659e+05
920     3.643533212160191033e+05
921     3.645662702549865353e+05
922     3.650045534903785447e+05
923     3.647891407018787577e+05
924     3.649458656486879918e+05
925     3.645513214295781800e+05
926     3.643239331805401598e+05
927     3.640891748179051792e+05
928     3.639072657604500419e+05
929     3.635155464684157050e+05
930     3.632685086665412528e+05
931     3.628783066174911801e+05
932     3.625555864444459439e+05
933     3.622002716330623953e+05
934     3.618124666795071680e+05
935     3.617670917527603451e+05
936     3.614742153280023485e+05
937     3.614710732150367694e+05
938     3.614790791239826940e+05
939     3.617015284705589293e+05
940     3.614239944480740232e+05
941     3.612569491655368474e+05
942     3.615642171889660531e+05
943     3.613258100328191649e+05
944     3.609430512979733758e+05
945     3.605611050671677804e+05
946     3.604976937172179460e+05
947     3.606624157525678747e+05
948     3.608624137378032319e+05
949     3.606314248937948723e+05
950     3.602518201449280023e+05
951     3.600098913258590037e+05
952     3.597280902522789547e+05
953     3.593506160363291274e+05
954     3.595045389371186029e+05
955     3.597670654617133550e+05
956     3.593907385566929006e+05
957     3.590151823156813043e+05
958     3.594006584423228051e+05
959     3.591325134721171926e+05
960     3.591722630878800992e+05
961     3.591505137872330961e+05
962     3.587771747261947021e+05
963     3.584046129418701748e+05
964     3.581265952012416092e+05
965     3.591031327715141815e+05
966     3.590310203060727217e+05
967     3.591706607827040716e+05
968     3.590492386447846075e+05
969     3.589280707727918052e+05
970     3.585580553022716194e+05
971     3.584614610632249387e+05
972     3.586059216010485543e+05
973     3.592426424496626132e+05
974     3.588738086638230598e+05
975     3.585057314631904592e+05
976     3.583581385514520225e+05
977     3.581077847901913919e+05
978     3.585596512362133944e+05
979     3.588763718198597780e+05
980     3.590282504711700603e+05
981     3.587996414267817163e+05
982     3.588512972577050678e+05
983     3.584862293802541681e+05
984     3.582308996694121743e+05
985     3.584966172799636843e+05
986     3.581330240567087894e+05
987     3.586291604845070979e+05
988     3.582661656417556223e+05
989     3.586226366274761385e+05
990     3.586578593504210003e+05
991     3.584965564882541657e+05
992     3.582372795583944535e+05
993     3.580442270188499824e+05
994     3.581794516340997070e+05
995     3.581991032432619832e+05
996     3.578394528674469329e+05
997     3.579379032972348505e+05
998     3.586026843095936347e+05
999     3.594544458089892287e+05
1000    3.590949792620086228e+05
1001    3.588867446695527760e+05
1002    3.586805086361537105e+05
1003    3.597916022031235625e+05
1004    3.596760953558788751e+05
1005    3.599655957901916699e+05
1006    3.610780943555770209e+05
1007    3.607195293317621690e+05
1008    3.603616718257509056e+05
1009    3.604591363374336506e+05
1010    3.605166743203703081e+05
1011    3.605740723330680048e+05
1012    3.603668772969815764e+05
1013    3.608956341870521428e+05
1014    3.614010865989088779e+05
1015    3.617283856409328873e+05
1016    3.618332368083173642e+05
1017    3.621964566727201454e+05
1018    3.624519015695100534e+05
1019    3.620962105231460300e+05
1020    3.623890362119355123e+05
1021    3.622597097007317352e+05
1022    3.623721470933626988e+05
1023    3.627307622113810503e+05
1024    3.633488615854319651e+05
1025    3.632534541712604696e+05
1026    3.635056670624321559e+05
1027    3.637368229168964899e+05
1028    3.636905336892943596e+05
1029    3.640143960493738414e+05
1030    3.638320369806036470e+05
1031    3.637107618768751272e+05
1032    3.634495858082736959e+05
1033    3.634126829276588978e+05
1034    3.633257386191508849e+05
1035    3.634941828644325724e+05
1036    3.642664619262509514e+05
1037    3.642723528630149085e+05
1038    3.645377355309247505e+05
1039    3.642825059569405275e+05
1040    3.653796793086058460e+05
1041    3.652602857132662321e+05
1042    3.652217232832057052e+05
1043    3.660783288163946127e+05
1044    3.670052780570423347e+05
1045    3.676575488707600161e+05
1046    3.681118172757514985e+05
1047    3.681343635299054440e+05
1048    3.683457744417121867e+05
1049    3.686729033319412265e+05
1050    3.688787590782764601e+05
1051    3.685794096329953754e+05
1052    3.682290484288614243e+05
1053    3.679951109938059235e+05
1054    3.676459717251698603e+05
1055    3.678119907482169801e+05
1056    3.683225074351046933e+05
1057    3.684305948993092170e+05
1058    3.683772558450088836e+05
1059    3.693766518765427172e+05
1060    3.706951702114146901e+05
1061    3.705676858135741204e+05
1062    3.712775802406321163e+05
1063    3.716834066353003145e+05
1064    3.718882757530157105e+05
1065    3.718297664862053934e+05
1066    3.716517918129874743e+05
1067    3.717646690313564613e+05
1068    3.725147869404773228e+05
1069    3.724636010793716996e+05
1070    3.729292887634836952e+05
1071    3.732144878922530916e+05
1072    3.731713590096104308e+05
1073    3.736881327771286597e+05
1074    3.733401889915765496e+05
1075    3.735213720680513070e+05
1076    3.731742300738670165e+05
1077    3.735626178659538273e+05
1078    3.741968650573506020e+05
1079    3.745852133851182880e+05
1080    3.746204242545186426e+05
1081    3.748748446654860745e+05
1082    3.753852672360165743e+05
1083    3.753571250419306452e+05
1084    3.751421356775955064e+05
1085    3.753933655161487986e+05
1086    3.754440916195961181e+05
1087    3.761033189167216187e+05
1088    3.757576521138365497e+05
1089    3.760133631298911641e+05
1090    3.759648185062478296e+05
1091    3.770329483482961659e+05
1092    3.772935134727897821e+05
1093    3.769483370656746556e+05
1094    3.767646153357464937e+05
1095    3.766393530038357130e+05
1096    3.777679951423683669e+05
1097    3.775819827226613997e+05
1098    3.781589898449119064e+05
1099    3.793131273862107773e+05
1100    3.796350028444309719e+05
1101    3.796453533472068957e+05
1102    3.808918248467024532e+05
1103    3.814768321611254942e+05
1104    3.820166487525370903e+05
1105    3.819986915405999171e+05
1106    3.817803543285352062e+05
1107    3.815380791597969946e+05
1108    3.820531024958624039e+05
1109    3.819826807676986209e+05
1110    3.823543970391197363e+05
1111    3.837289568875074619e+05
1112    3.844279606691829977e+05
1113    3.847283339414004004e+05
1114    3.858297803729125881e+05
1115    3.859355271843253286e+05
1116    3.871014293027020758e+05
1117    3.882193836540550692e+05
1118    3.891638124978307751e+05
1119    3.896582883182659280e+05
1120    3.899305081233069650e+05
1121    3.909344351157558267e+05
1122    3.914052161132966867e+05
1123    3.914710876432675868e+05
1124    3.921728163285799674e+05
1125    3.925438119251145399e+05
1126    3.924766621490000398e+05
1127    3.928668745552430628e+05
1128    3.930687086292646709e+05
1129    3.933036692458729376e+05
1130    3.934807999708034331e+05
1131    3.937872447613268159e+05
1132    3.935211468613764155e+05
1133    3.937665223406738369e+05
1134    3.950695662408044445e+05
1135    3.954316802350603975e+05
1136    3.951906500879995874e+05
1137    3.948430609584335471e+05
1138    3.946598266723569832e+05
1139    3.955598868419694481e+05
1140    3.962857058185128844e+05
1141    3.974843802611195715e+05
1142    3.976855905322292820e+05
1143    3.981632767030075775e+05
1144    3.983953765861811116e+05
1145    3.980474566334374831e+05
1146    3.985848718797639594e+05
1147    3.992746060979667236e+05
1148    3.990891135467527783e+05
1149    3.988416810644067591e+05
1150    3.992080815911618411e+05
1151    3.994645127270669327e+05
1152    3.995779427295146743e+05
1153    4.002342513380235177e+05
1154    4.004678284603935317e+05
1155    4.002042796896561631e+05
1156    4.009729120499829878e+05
1157    4.013362019902555621e+05
1158    4.014834163343400578e+05
1159    4.015452208164845360e+05
1160    4.025080842598528834e+05
1161    4.030633336739357910e+05
1162    4.041686242784872302e+05
1163    4.038211364085481619e+05
1164    4.038975426933954004e+05
1165    4.058909962563590379e+05
1166    4.063876709739106009e+05
1167    4.072126387670321856e+05
1168    4.072333545506161754e+05
1169    4.077489093026010087e+05
1170    4.077691620823935373e+05
1171    4.088935285705553833e+05
1172    4.091746604965223232e+05
1173    4.095971663524960750e+05
1174    4.094185329742480535e+05
1175    4.106051922693341621e+05
1176    4.111214074793895707e+05
1177    4.111186644436134957e+05
1178    4.112017145616894704e+05
1179    4.117118591804475873e+05
1180    4.119499248621814186e+05
1181    4.123138403696834575e+05
1182    4.132138571060014656e+05
1183    4.151987026444190415e+05
1184    4.183698941075225594e+05
1185    4.200761448274670402e+05
1186    4.199114658636034001e+05
1187    4.210956940200527897e+05
1188    4.213526295134340762e+05
1189    4.223577417067954666e+05
1190    4.235561473797996296e+05
1191    4.243498493255974026e+05
1192    4.251799101350397104e+05
1193    4.277243886357387528e+05
1194    4.280891514973823796e+05
1195    4.284101414283786435e+05
1196    4.289418937214634498e+05
1197    4.291705446144327871e+05
1198    4.291709378139966866e+05
1199    4.299196472618732369e+05
1200    4.301369539088329766e+05
1201    4.306820960795099963e+05
1202    4.314504054281171993e+05
1203    4.324368252973394701e+05
1204    4.320777486395101296e+05
1205    4.330529113793169381e+05
1206    4.344843751006947132e+05
1207    4.366610271591026685e+05
1208    4.376633342284619575e+05
1209    4.390532572276334977e+05
1210    4.392760001811495167e+05
1211    4.396519119994493085e+05
1212    4.397873837901881197e+05
1213    4.406221581823978340e+05
1214    4.447674292811923078e+05
1215    4.474380857078174595e+05
1216    4.476799280136396992e+05
1217    4.485332354569527088e+05
1218    4.514645351043010014e+05
1219    4.562732287752915290e+05
1220    4.586234793820308987e+05
1221    4.597850852777455002e+05
1222    4.599860549946685787e+05
1223    4.607717921447273693e+05
1224    4.618255251748277224e+05
1225    4.619227500999445328e+05
1226    4.625267474914793274e+05
1227    4.621498088893702370e+05
1228    4.621934699151528184e+05
1229    4.624222438012020430e+05
1230    4.630100269211793784e+05
1231    4.636137753616057453e+05
1232    4.643749033530920278e+05
1233    4.657619659939793637e+05
1234    4.665797687369388295e+05
1235    4.663707733361131395e+05
1236    4.682434945181794465e+05
1237    4.713382164567986620e+05
1238    4.715772176835766877e+05
1239    4.731496203824268305e+05
1240    4.739545431698574685e+05
1241    4.760233579991592560e+05
1242    4.773513744357155520e+05
1243    4.778553353709560470e+05
1244    4.788616011534836725e+05
1245    4.790643873586049885e+05
1246    4.826581728822244913e+05
1247    4.822713080799280433e+05
1248    4.825593488255722332e+05
1249    4.833681270401524962e+05
1250    4.829814706805528840e+05
1251    4.833539428575417842e+05
1252    4.849977179556099582e+05
1253    4.864565308501182008e+05
1254    4.875477089242195361e+05
1255    4.887065820645613712e+05
1256    4.913357074774465873e+05
1257    4.914730752908418654e+05
1258    4.935577585208239616e+05
1259    4.945609694064211217e+05
1260    4.951524488703468814e+05
1261    4.997011606577750063e+05
1262    5.020514385501226061e+05
1263    5.019211664764187299e+05
1264    5.026373459507392836e+05
1265    5.029238051128511433e+05
1266    5.044532112963505788e+05
1267    5.060734444503991981e+05
1268    5.066450305899333325e+05
1269    5.062458952889096690e+05
1270    5.068832342924138648e+05
1271    5.069595820595508558e+05
1272    5.080669223404913209e+05
1273    5.093421635328239063e+05
1274    5.102584138956225361e+05
1275    5.120416025753325666e+05
1276    5.175071710842949105e+05
1277    5.207206010989214992e+05
1278    5.223569643266462372e+05
1279    5.251033233945146203e+05
1280    5.283606979270938318e+05
1281    5.288897042433394818e+05
1282    5.307738310555526987e+05
1283    5.318108913591605378e+05
1284    5.347325584861976095e+05
1285    5.371715880461853230e+05
1286    5.397235861100523034e+05
1287    5.435654151847834000e+05
1288    5.446037878019150812e+05
1289    5.486193097647228278e+05
1290    5.513319574511983665e+05
1291    5.509049681481958833e+05
1292    5.536060551165111829e+05
1293    5.594814104312488344e+05
1294    5.619454180809690151e+05
1295    5.663002223380326759e+05
1296    5.658633943699935917e+05
1297    5.669251925456731115e+05
1298    5.676778909042427549e+05
1299    5.732405729132329579e+05
1300    5.752645914837722667e+05
1301    5.794362823136517545e+05
1302    5.810685688039151719e+05
1303    5.834790903394817142e+05
1304    5.861830649365694262e+05
1305    5.885684025037660031e+05
1306    5.890150965982278576e+05
1307    5.953488717298121192e+05
1308    5.960005686935022241e+05
1309    5.999628552349555539e+05
1310    6.047948768239691854e+05
1311    6.090726329515497200e+05
1312    6.138897341097075259e+05
1313    6.179251544590992853e+05
1314    6.190714020511801355e+05
1315    6.207175658863935387e+05
1316    6.249361665285435738e+05
1317    6.265422500429735519e+05
1318    6.272766295246835798e+05
1319    6.294058590698147891e+05
1320    6.306941598635445116e+05
1321    6.320091193392792484e+05
1322    6.331490216062036343e+05
1323    6.345595652392347110e+05
1324    6.356620466387500055e+05
1325    6.357395556181475986e+05
1326    6.354009231151699787e+05
1327    6.376486327939891489e+05
1328    6.376659427427792689e+05
1329    6.376832383986342466e+05
1330    6.372038243237211136e+05
1331    6.369320075550847687e+05
1332    6.364538677765469765e+05
1333    6.365272735030187760e+05
1334    6.360501148849416059e+05
1335    6.376410137619627640e+05
1336    6.374165972790360684e+05
1337    6.380570848093322711e+05
1338    6.375801946519920602e+05
1339    6.375095609116973355e+05
1340    6.389589779336506035e+05
1341    6.392559646285147173e+05
1342    6.400107931007161969e+05
1343    6.411269305421946337e+05
1344    6.412351358759873547e+05
1345    6.426195744301956147e+05
1346    6.434591745939097600e+05
1347    6.439864495096895844e+05
1348    6.455392194671119796e+05
1349    6.461210174475641688e+05
1350    6.458218870327679906e+05
1351    6.486743880247857887e+05
1352    6.481946576957560610e+05
1353    6.481672587399224285e+05
1354    6.490114934438675409e+05
1355    6.510716905917605618e+05
1356    6.517582906881739618e+05
1357    6.528956043466966366e+05
1358    6.535295194195120130e+05
1359    6.545969141022402328e+05
1360    6.546729288130101049e+05
1361    6.557615879912766395e+05
1362    6.572298804844826227e+05
1363    6.602849104774262523e+05
1364    6.607352806689077988e+05
1365    6.602513488478276413e+05
1366    6.645249890905127395e+05
1367    6.667929956153761595e+05
1368    6.678171353005283745e+05
1369    6.683839618797646835e+05
1370    6.689729389105709270e+05
1371    6.698503392122026999e+05
1372    6.704170737265106291e+05
1373    6.707137335604887921e+05
1374    6.711654570281089982e+05
1375    6.713186126738056773e+05
1376    6.720244557616774691e+05
1377    6.720869290070245042e+05
1378    6.721045068440899486e+05
1379    6.726166542062105145e+05
1380    6.741084855691798730e+05
1381    6.744400853226376930e+05
1382    6.739521329414176289e+05
1383    6.738107578837894835e+05
1384    6.747164320263720583e+05
1385    6.742293456054209964e+05
1386    6.763440613217371283e+05
1387    6.776437208118184935e+05
1388    6.796157964329441311e+05
1389    6.804764592129309895e+05
1390    6.824133111550359754e+05
1391    6.819228096024338156e+05
1392    6.828071460349294357e+05
1393    6.841486226570322178e+05
1394    6.839706729001215426e+05
1395    6.846960007263335865e+05
1396    6.865725506974612363e+05
1397    6.860811264178591082e+05
1398    6.895904311615328770e+05
1399    6.890975785863448400e+05
1400    6.905175505613716086e+05
1401    6.916889699544965988e+05
1402    6.911956500203254400e+05
1403    6.930392055855441140e+05
1404    6.964113211807069601e+05
1405    6.969999979946055682e+05
1406    6.969780412388186669e+05
1407    6.978812154289118480e+05
1408    6.985020860410936875e+05
1409    6.992986383338988526e+05
1410    6.990504903494254686e+05
1411    6.991888325968544232e+05
1412    7.005494446641001850e+05
1413    7.000537452089053113e+05
1414    7.000008058364090975e+05
1415    6.995061624004803598e+05
1416    6.990122347048984375e+05
1417    6.988154573069164762e+05
1418    7.006727143736275611e+05
1419    7.009401307298622560e+05
1420    7.016370458839286584e+05
1421    7.016956830309642246e+05
1422    7.019381700887603220e+05
1423    7.024895634425164899e+05
1424    7.019963111235289834e+05
1425    7.019599136653628666e+05
1426    7.030078539521985222e+05
1427    7.036785725223979680e+05
1428    7.040459547013057163e+05
1429    7.046192098765824921e+05
1430    7.048151266509775305e+05
1431    7.057247125986788888e+05
1432    7.061195813187187305e+05
1433    7.061384126359606162e+05
1434    7.056460319417476421e+05
1435    7.065300859605473233e+05
1436    7.064487591786668636e+05
1437    7.087160986549070803e+05
1438    7.087983353340913309e+05
1439    7.086060795284007909e+05
1440    7.092219896022154717e+05
1441    7.102856776859569363e+05
1442    7.117521690168183995e+05
1443    7.121757868864181219e+05
1444    7.117805299177350244e+05
1445    7.122548936100992141e+05
1446    7.137061612294011284e+05
1447    7.153362109009224223e+05
1448    7.171964501457691658e+05
1449    7.188560549203414703e+05
1450    7.199413898265667958e+05
1451    7.211645597122436156e+05
1452    7.211612411385221640e+05
1453    7.225764281445483211e+05
1454    7.228358422873583622e+05
1455    7.223391756887333468e+05
1456    7.220126117112466600e+05
1457    7.222202713934743078e+05
1458    7.219406038254655432e+05
1459    7.225880109686356736e+05
1460    7.241759643101280089e+05
1461    7.247230722650819225e+05
1462    7.246514917636188911e+05
1463    7.242462325712370221e+05
1464    7.267339035974907456e+05
1465    7.276118691859580576e+05
1466    7.278472116125640459e+05
1467    7.285532288349943701e+05
1468    7.283187410100409761e+05
1469    7.289684559333750512e+05
1470    7.298524054859954631e+05
1471    7.293828869534045225e+05
1472    7.297818645357486093e+05
1473    7.292865463282628916e+05
1474    7.288201766959609231e+05
1475    7.284501920603935141e+05
1476    7.280807146268922370e+05
1477    7.277962990101893665e+05
1478    7.273039985567932017e+05
1479    7.270634781551292399e+05
1480    7.272213860263527604e+05
1481    7.279058959107757546e+05
1482    7.274148987541289534e+05
1483    7.269245552388209617e+05
1484    7.277046201832825318e+05
1485    7.272146968936353223e+05
1486    7.269995699248960009e+05
1487    7.280190304629768943e+05
1488    7.275299224630485987e+05
1489    7.277779241806698265e+05
1490    7.293848177136473823e+05
1491    7.288957717584074708e+05
1492    7.284989020826538326e+05
1493    7.280112917828772916e+05
1494    7.283005709421199281e+05
1495    7.278138027307142038e+05
1496    7.292588906129921088e+05
1497    7.287720615115732653e+05
1498    7.282859046615465777e+05
1499    7.281500854519504355e+05
1500    7.298799191427804762e+05
1501    7.293938985633116681e+05
1502    7.296578880316314753e+05
1503    7.291725776194960345e+05
1504    7.290488098797197454e+05
1505    7.291051267663958715e+05
1506    7.293317430283217691e+05
1507    7.291218842425028561e+05
1508    7.286385787824287545e+05
1509    7.292058034459846094e+05
1510    7.300577769673385192e+05
1511    7.295748157582796412e+05
1512    7.297052534577527549e+05
1513    7.292231550851397915e+05
1514    7.290865307118858909e+05
1515    7.292454388583714608e+05
1516    7.292343078085606685e+05
1517    7.303941843486226862e+05
1518    7.301950861698650988e+05
1519    7.305118807462300174e+05
1520    7.300314353357222863e+05
1521    7.316899400662655244e+05
1522    7.333202388881082879e+05
1523    7.333690744343551341e+05
1524    7.328881491096537793e+05
1525    7.325399013794239145e+05
1526    7.321920672882256331e+05
1527    7.326427101767214481e+05
1528    7.323669031683146022e+05
1529    7.318879308156172046e+05
1530    7.329274233564480674e+05
1531    7.357845856478179339e+05
1532    7.377251846791825956e+05
1533    7.384061287160570500e+05
1534    7.385789294891869649e+05
1535    7.385577785770164337e+05
1536    7.385152111388884950e+05
1537    7.402851387235139264e+05
1538    7.412246631279244320e+05
1539    7.423968870976623148e+05
1540    7.432953291935665766e+05
1541    7.444117027018979425e+05
1542    7.449663448140496621e+05
1543    7.478470804685291369e+05
1544    7.484716541967333760e+05
1545    7.496699583899480058e+05
1546    7.508898460653240327e+05
1547    7.511182799238408916e+05
1548    7.508424364591293270e+05
1549    7.506673784425654449e+05
1550    7.512142137186204782e+05
1551    7.519555886818626896e+05
1552    7.530894627786900382e+05
1553    7.547899525852809893e+05
1554    7.545576654845419107e+05
1555    7.553288422853577649e+05
1556    7.558516127951678354e+05
1557    7.561081446720777312e+05
1558    7.565920381775782444e+05
1559    7.567726728854801040e+05
1560    7.572554503146655625e+05
1561    7.577494564054691000e+05
1562    7.598183027253493201e+05
1563    7.626977215211450821e+05
1564    7.635186813286604593e+05
1565    7.638562757785684662e+05
1566    7.647312092116982676e+05
1567    7.653340507999104448e+05
1568    7.659250128695332678e+05
1569    7.654370110509798396e+05
1570    7.651798341165409656e+05
1571    7.662853748046661494e+05
1572    7.664429395469620358e+05
1573    7.680214164864057675e+05
1574    7.675335563226462109e+05
1575    7.670462814284043852e+05
1576    7.683978373339136597e+05
1577    7.683686549122346332e+05
1578    7.706453167878286913e+05
1579    7.701573462723010452e+05
1580    7.725131483524722280e+05
1581    7.726723567744792672e+05
1582    7.732445860928570619e+05
1583    7.727562364652768010e+05
1584    7.730128474288862199e+05
1585    7.749090390376680298e+05
1586    7.755809178561717272e+05
1587    7.765218039511408424e+05
1588    7.773244609039280331e+05
1589    7.786912982546547428e+05
1590    7.809896128999842331e+05
1591    7.804987830533958040e+05
1592    7.803966761277330806e+05
1593    7.809544832143941894e+05
1594    7.815383893109286437e+05
1595    7.819346220215766225e+05
1596    7.834981460675578564e+05
1597    7.834343083300163271e+05
1598    7.836523200152764330e+05
1599    7.853129485229782294e+05
1600    7.853103090463625267e+05
1601    7.855720445825409843e+05
1602    7.863735010724921012e+05
1603    7.871665900409412570e+05
1604    7.878618137614197331e+05
1605    7.887120592587012798e+05
1606    7.889746982459629653e+05
1607    7.889220389850006904e+05
1608    7.890169011922769714e+05
1609    7.890078700802667299e+05
1610    7.903830224194478942e+05
1611    7.906796236543395789e+05
1612    7.906431676582610235e+05
1613    7.907957315699376632e+05
1614    7.908892750113871880e+05
1615    7.909315658197635785e+05
1616    7.911248923950201133e+05
1617    7.906357149756371509e+05
1618    7.909843451321530156e+05
1619    7.917285493512885878e+05
1620    7.912398551478998270e+05
1621    7.909835886649978347e+05
1622    7.915039901614208939e+05
1623    7.914009419165389845e+05
1624    7.913535300016963156e+05
1625    7.915278809807928046e+05
1626    7.912384065960624721e+05
1627    7.912859206263412489e+05
1628    7.913922951298984699e+05
1629    7.920609308798017446e+05
1630    7.927084544995395700e+05
1631    7.928459546131608076e+05
1632    7.926824990829527378e+05
1633    7.921970659327387111e+05
1634    7.922523849304666510e+05
1635    7.925961728522595949e+05
1636    7.921989095170457149e+05
1637    7.917149708818629151e+05
1638    7.915850730939966161e+05
1639    7.915101186528688995e+05
1640    7.917046219567887019e+05
1641    7.913841165549199795e+05
1642    7.909859968968034955e+05
1643    7.910722696107522352e+05
1644    7.906536609191201860e+05
1645    7.905296425467090448e+05
1646    7.908412477779518813e+05
1647    7.909643341319168685e+05
1648    7.912694156112720957e+05
1649    7.910514125418114709e+05
1650    7.906656487298416905e+05
1651    7.904905113775319187e+05
1652    7.901639854412375716e+05
1653    7.897661425129916752e+05
1654    7.907045712596747326e+05
1655    7.905171482701838249e+05
1656    7.905057871617061319e+05
1657    7.905741422970326385e+05
1658    7.904763759487061761e+05
1659    7.905090983360549435e+05
1660    7.902709508079896914e+05
1661    7.900426190411050338e+05
1662    7.898931042125594104e+05
1663    7.898877669299565023e+05
1664    7.898605321201487677e+05
1665    7.893860933197030099e+05
1666    7.891256454487398732e+05
1667    7.887493452867227606e+05
1668    7.884501117403536336e+05
1669    7.880981356295128353e+05
1670    7.876261897576806368e+05
1671    7.877495975830188254e+05
1672    7.874193362687889021e+05
1673    7.871560223470589845e+05
1674    7.874189418694890337e+05
1675    7.870137870222253259e+05
1676    7.868511682274148334e+05
1677    7.868057484266501851e+05
1678    7.870164793806428788e+05
1679    7.865477036199639551e+05
1680    7.864442746788548538e+05
1681    7.862074318344272906e+05
1682    7.866147921596836532e+05
1683    7.861473732183506945e+05
1684    7.860129983055873308e+05
1685    7.856964964703245787e+05
1686    7.853965706674165558e+05
1687    7.852333107085364172e+05
1688    7.850768882797745755e+05
1689    7.848720971981547773e+05
1690    7.845358745594201609e+05
1691    7.845271964151887223e+05
1692    7.842457665740412194e+05
1693    7.842822214484906290e+05
1694    7.841719326619782951e+05
1695    7.845620779567536665e+05
1696    7.840994603264189791e+05
1697    7.846444915464424994e+05
1698    7.841823817583635682e+05
1699    7.838913159291734919e+05
1700    7.837222380092886742e+05
1701    7.837797014731358504e+05
1702    7.840125801856149919e+05
1703    7.840198813462047838e+05
1704    7.836738290656851605e+05
1705    7.832142081210097531e+05
1706    7.828267128469382878e+05
1707    7.823681197460216936e+05
1708    7.820534076246058103e+05
1709    7.817412429142988985e+05
1710    7.817519010821506381e+05
1711    7.817066302401556168e+05
1712    7.817108316529010190e+05
1713    7.819098021806449397e+05
1714    7.817201072144578211e+05
1715    7.815633483526578639e+05
1716    7.814662083935255650e+05
1717    7.812221131443687482e+05
1718    7.809628147878855234e+05
1719    7.806447904937817948e+05
1720    7.801909334867423167e+05
1721    7.798877172134059947e+05
1722    7.795715306676956825e+05
1723    7.791190590848234715e+05
1724    7.791198534776191227e+05
1725    7.789831363523509353e+05
1726    7.790259409770421917e+05
1727    7.788576850083536701e+05
1728    7.789638550889345352e+05
1729    7.785687550791959511e+05
1730    7.782142896250633057e+05
1731    7.782953730739175808e+05
1732    7.779740598808940267e+05
1733    7.777877033820789075e+05
1734    7.780071178584457375e+05
1735    7.779064293932858855e+05
1736    7.776891449219805654e+05
1737    7.775312682507361751e+05
1738    7.773372665068282513e+05
1739    7.771173262153341202e+05
1740    7.769471894265159499e+05
1741    7.766917659659731435e+05
1742    7.764697216691274662e+05
1743    7.761887912169587798e+05
1744    7.757985557350232266e+05
1745    7.754181009205945302e+05
1746    7.753349028593243565e+05
1747    7.748910806662632385e+05
1748    7.747335463520641206e+05
1749    7.746462256766797509e+05
1750    7.744087988290274516e+05
1751    7.741495378740861779e+05
1752    7.743231339689595625e+05
1753    7.738813857647132827e+05
1754    7.738131546428342117e+05
1755    7.734672197151042055e+05
1756    7.732386011464957846e+05
1757    7.732564338282417739e+05
1758    7.730449605663038092e+05
1759    7.726054493019235088e+05
1760    7.729668831399551127e+05
1761    7.728156091764466837e+05
1762    7.727201186360657448e+05
1763    7.724240925863031298e+05
1764    7.721149149535042234e+05
1765    7.718515320647002663e+05
1766    7.717292748029020149e+05
1767    7.713347674911511131e+05
1768    7.708984533520197729e+05
1769    7.709729337965640007e+05
1770    7.708033033941796748e+05
1771    7.705029142977640731e+05
1772    7.700680504495203495e+05
1773    7.697414495189473964e+05
1774    7.696591085696567316e+05
1775    7.692760091988701606e+05
1776    7.688709130338189425e+05
1777    7.685477730532834539e+05
1778    7.683675320562159177e+05
1779    7.682003241017026594e+05
1780    7.679338505170126446e+05
1781    7.676973129621284315e+05
1782    7.675502107160519809e+05
1783    7.673480087262241868e+05
1784    7.671312674396598013e+05
1785    7.669614924861221807e+05
1786    7.668107167089654831e+05
1787    7.663815776257589459e+05
1788    7.664141814759116387e+05
1789    7.665235482588883024e+05
1790    7.664665251455137040e+05
1791    7.663643231508980971e+05
1792    7.659366371461716481e+05
1793    7.655094262335735839e+05
1794    7.652579957594539737e+05
1795    7.651645082192207919e+05
1796    7.647866887405243469e+05
1797    7.645291684000610840e+05
1798    7.643862411033273675e+05
1799    7.640484174839076586e+05
1800    7.639842504940229701e+05
1801    7.639916485165912891e+05
1802    7.636531806598410476e+05
1803    7.633106071820603684e+05
1804    7.629088949061711319e+05
1805    7.625314833755162545e+05
1806    7.621092391130244359e+05
1807    7.621082998176101828e+05
1808    7.618370381985631539e+05
1809    7.615878490169359138e+05
1810    7.613387706152157625e+05
1811    7.611976497502031270e+05
1812    7.610610095203244127e+05
1813    7.609575174093915848e+05
1814    7.606614603793085553e+05
1815    7.602423712391940644e+05
1816    7.600498037125837291e+05
1817    7.598288335196234984e+05
1818    7.594397295378393028e+05
1819    7.590401182505566394e+05
1820    7.587263067645723931e+05
1821    7.584795984758774284e+05
1822    7.581650167575577507e+05
1823    7.577491077075431822e+05
1824    7.573806552637573332e+05
1825    7.576851055196776288e+05
1826    7.573425080463289050e+05
1827    7.569807558610271662e+05
1828    7.565666220306503819e+05
1829    7.565445324231859995e+05
1830    7.562086613287493819e+05
1831    7.559642307190374704e+05
1832    7.556654561718039913e+05
1833    7.556349158111499855e+05
1834    7.553265484103922499e+05
1835    7.549654553427497158e+05
1836    7.547314277827136684e+05
1837    7.544524893526441883e+05
1838    7.541837078378880396e+05
1839    7.538815284702634672e+05
1840    7.535222916707661934e+05
1841    7.533080043164101662e+05
1842    7.528990070284235990e+05
1843    7.527421155248505529e+05
1844    7.528212406394162681e+05
1845    7.534148678520664107e+05
1846    7.532242413772461005e+05
1847    7.528163846801244654e+05
1848    7.524384943865573732e+05
1849    7.528528001440704102e+05
1850    7.525316039734769147e+05
1851    7.526292979320765007e+05
1852    7.534302721013246337e+05
1853    7.533656977403755300e+05
1854    7.534698792365508853e+05
1855    7.533865693739578128e+05
1856    7.532306064668699400e+05
1857    7.534364330626513110e+05
1858    7.532379296504686354e+05
1859    7.534848008604181232e+05
1860    7.536809624846669612e+05
1861    7.538294515424300916e+05
1862    7.536905913363363361e+05
1863    7.534121450637405505e+05
1864    7.539582342185394373e+05
1865    7.550074328296775930e+05
1866    7.551306252695344156e+05
1867    7.550387392792665632e+05
1868    7.547313068053320749e+05
1869    7.545243168135619489e+05
1870    7.546590582900118316e+05
1871    7.545894670558171347e+05
1872    7.543847509588153334e+05
1873    7.547061237817445071e+05
1874    7.544361796368455980e+05
1875    7.545078329256067518e+05
1876    7.545363770066824509e+05
1877    7.545534900729894871e+05
1878    7.543607688644267619e+05
1879    7.545032122737033060e+05
1880    7.544060788281676359e+05
1881    7.541081972239352763e+05
1882    7.543453589011982549e+05
1883    7.541688811657243641e+05
1884    7.540619456969157327e+05
1885    7.539505445677440148e+05
1886    7.541961016115908278e+05
1887    7.547294569907307159e+05
1888    7.554565870778440731e+05
1889    7.550566390613929834e+05
1890    7.549326276877128985e+05
1891    7.546670957336022984e+05
1892    7.542681982087320648e+05
1893    7.548119203363233246e+05
1894    7.548860045303099323e+05
1895    7.557393260405721376e+05
1896    7.557027545726681128e+05
1897    7.560420336348493584e+05
1898    7.562011010703016073e+05
1899    7.558029451189887477e+05
1900    7.568867826171182096e+05
1901    7.589066971178778913e+05
1902    7.590862415881142952e+05
1903    7.588687165701499907e+05
1904    7.599641529575757449e+05
1905    7.596517790330100106e+05
1906    7.592532514886400895e+05
1907    7.597693818991747685e+05
1908    7.597786224454612238e+05
1909    7.604693064870611997e+05
1910    7.605044722164082341e+05
1911    7.607878780585522763e+05
1912    7.616949967639232054e+05
1913    7.615715479357100558e+05
1914    7.613484989894659957e+05
1915    7.611508224609168246e+05
1916    7.607535283851550194e+05
1917    7.604203770877196221e+05
1918    7.604300003886673367e+05
1919    7.612667713170913048e+05
1920    7.610323876060573384e+05
1921    7.619646766941460082e+05
1922    7.627463979963888414e+05
1923    7.628713356462405063e+05
1924    7.624747834674685728e+05
1925    7.627231716680463869e+05
1926    7.627586642739943927e+05
1927    7.636527310463913018e+05
1928    7.635685685566287721e+05
1929    7.650201135066165589e+05
1930    7.652441317515529227e+05
1931    7.658588096468823496e+05
1932    7.660192929616171168e+05
1933    7.678482218381062848e+05
1934    7.684471602947836509e+05
1935    7.689779359549827641e+05
1936    7.685807499737312319e+05
1937    7.687381024038379546e+05
1938    7.697848673937869025e+05
1939    7.703212547552710166e+05
1940    7.704337734538457589e+05
1941    7.711943277958275285e+05
1942    7.718227381573856110e+05
1943    7.727085511273954762e+05
1944    7.733490314574036747e+05
1945    7.741089001138621243e+05
1946    7.751576415173746645e+05
1947    7.754785523340001237e+05
1948    7.761687334387927549e+05
1949    7.765019383144190069e+05
1950    7.761037174902439583e+05
1951    7.763469961338655557e+05
1952    7.772295179200406419e+05
1953    7.799365542705258122e+05
1954    7.795374674777550390e+05
1955    7.796179001543772174e+05
1956    7.798271377754855203e+05
1957    7.814509618298872374e+05
1958    7.817245822509458521e+05
1959    7.816858873508557444e+05
1960    7.818976613943323027e+05
1961    7.843717446688510245e+05
1962    7.841937157095705625e+05
1963    7.839616021051984280e+05
1964    7.840063545274942880e+05
1965    7.842972477082104888e+05
1966    7.843161739338948391e+05
1967    7.843087119540652493e+05
1968    7.845738175036143512e+05
1969    7.849401451786543475e+05
1970    7.850347726420382969e+05
1971    7.848969144536966924e+05
1972    7.848492896205807338e+05
1973    7.847099202271654503e+05
1974    7.846151612145175459e+05
1975    7.845366204790046904e+05
1976    7.852279174020442879e+05
1977    7.857776938214133261e+05
1978    7.854801197391683236e+05
1979    7.854543100017482648e+05
1980    7.850575661794679472e+05
1981    7.853320811078593833e+05
1982    7.852727226187122287e+05
1983    7.856902485380831640e+05
1984    7.863949074126937194e+05
1985    7.867315059075165773e+05
1986    7.889272556871998822e+05
1987    7.888422449421117781e+05
1988    7.904906052438279148e+05
1989    7.909244962657296564e+05
1990    7.920093317862136755e+05
1991    7.928442735473947832e+05
1992    7.930409170347772306e+05
1993    7.933416923728125403e+05
1994    7.945908089858593885e+05
1995    7.945880186117426492e+05
1996    7.944409644588228548e+05
1997    7.945663939194569830e+05
1998    7.952467871435121633e+05
1999    7.955345896999847610e+05
2000    7.951367838493585587e+05
