1       0.000000000000000000e+00
2       0.000000000000000000e+00
3       0.000000000000000000e+00
4       0.000000000000000000e+00
5       0.000000000000000000e+00
6       0.000000000000000000e+00
7       0.000000000000000000e+00
8       0.000000000000000000e+00
9       0.000000000000000000e+00
10      0.000000000000000000e+00
11      0.000000000000000000e+00
12      0.000000000000000000e+00
13      0.000000000000000000e+00
14      0.000000000000000000e+00
15      0.000000000000000000e+00
16      0.000000000000000000e+00
17      0.000000000000000000e+00
18      0.000000000000000000e+00
19      0.000000000000000000e+00
20      0.000000000000000000e+00
21      0.000000000000000000e+00
22      0.000000000000000000e+00
23      0.000000000000000000e+00
24      0.000000000000000000e+00
25      0.000000000000000000e+00
26      0.000000000000000000e+00
27      0.000000000000000000e+00
28      0.000000000000000000e+00
29      2.343736674093548119e-07
30      3.344504737663299268e-07
31      8.241836341846903587e-07
32      2.809791524602744766e-06
33      1.068674138687506433e-05
34      1.166311267846509764e-04
35      1.877587014002633098e-04
36      3.370147010113396435e-04
37      4.240651556570415636e-04
38      8.122016573722634202e-04
39      9.619653738455792320e-04
40      1.341861748133555288e-03
41      4.404021633740158592e-03
42      6.805747137601303627e-03
43      1.639440572479255662e-02
44      3.292807666535949723e-02
45      6.913719046650146360e-02
46      7.096776376267276143e-02
47      9.691555737276351390e-02
48      1.045074900808854595e-01
49      2.279997829135395337e-01
50      2.924483866427313172e-01
51      3.454340989222194125e+00
52      7.750107198864678359e+00
53      1.409831054972246989e+01
54      2.530059439355794382e+01
55      3.511098230555096933e+01
56      6.454045139896615524e+01
57      1.445936251036580984e+02
58      2.152090723629287368e+02
59      2.417896431836772422e+02
60      2.618037829371953649e+02
61      4.310402970911700322e+02
62      4.882856144445747759e+02
63      6.538696634683983575e+02
64      7.828538745662982592e+02
65      9.515193776560694232e+02
66      9.581632284175972245e+02
67      1.039862892639802340e+03
68      1.350327176966393154e+03
69      1.407213725571860095e+03
70      1.525478885825641555e+03
71      1.506750276287262977e+03
72      1.636274848223178878e+03
73      2.211924014886179066e+03
74      2.298616140101740257e+03
75      2.786595200571316582e+03
76      2.749929495920211139e+03
77      3.132246262406418737e+03
78      3.379088083246080259e+03
79      3.890414158230431894e+03
80      3.941969297716788333e+03
81      4.385333661536441468e+03
82      4.740436116554744331e+03
83      5.456482643248840759e+03
84      5.779018569799365650e+03
85      6.111190155376635630e+03
86      6.040129991888576114e+03
87      6.509917166531055955e+03
88      7.022846424165321878e+03
89      7.223902953534544395e+03
90      7.347055626289695283e+03
91      7.699242856959371238e+03
92      8.424577334629915640e+03
93      8.897778532220301713e+03
94      9.561669466464212746e+03
95      9.776129203994951240e+03
96      1.021706309740830511e+04
97      1.011173279716462639e+04
98      1.063241079623327278e+04
99      1.124897087690832996e+04
100     1.131227803432374640e+04
101     1.120027580758633303e+04
102     1.163770218667775225e+04
103     1.200448316213444923e+04
104     1.265007432365305795e+04
105     1.292527648419326033e+04
106     1.304627656530183413e+04
107     1.338118617933748283e+04
108     1.382751841133215385e+04
109     1.408266179276698858e+04
110     1.453544308106097924e+04
111     1.466597050368879536e+04
112     1.496837285267209336e+04
113     1.542844360656754907e+04
114     1.553524551931589667e+04
115     1.576419043546076864e+04
116     1.593773574624733556e+04
117     1.609026434126243839e+04
118     1.619562051637935474e+04
119     1.628433987840056761e+04
120     1.717951297953460744e+04
121     1.895313690948995281e+04
122     2.024338557177487019e+04
123     2.126417646497777241e+04
124     2.225650618203382328e+04
125     2.406233663585495378e+04
126     2.483596297262800726e+04
127     2.633961856852293204e+04
128     2.665706143885674101e+04
129     2.645041822441168551e+04
130     2.693939645420632223e+04
131     2.717733596049303378e+04
132     2.932616460451657986e+04
133     3.052786836813247282e+04
134     3.090511730305177116e+04
135     3.127589818978700714e+04
136     3.181756614172454283e+04
137     3.193341889104141228e+04
138     3.332622684058302548e+04
139     3.387508353580903349e+04
140     3.476260834968323616e+04
141     3.462304649547443842e+04
142     3.514504939477308653e+04
143     3.643991893104096380e+04
144     3.729215196231281152e+04
145     3.807117309111655049e+04
146     3.873647920391566004e+04
147     3.933512497087782685e+04
148     3.924370649295875774e+04
149     3.978391953566590382e+04
150     4.043718791036328912e+04
151     4.135906461563283665e+04
152     4.120326168354108813e+04
153     4.203888878233437572e+04
154     4.236129068388074666e+04
155     4.233898585814258695e+04
156     4.273717851227145729e+04
157     4.246496827156055224e+04
158     4.318452874127426185e+04
159     4.358446688600993366e+04
160     4.371716813762316451e+04
161     4.478187468654882105e+04
162     4.523188303796875698e+04
163     4.527780372384330258e+04
164     4.524818870659523236e+04
165     4.589958757305620384e+04
166     4.631109002284231974e+04
167     4.680890459570109670e+04
168     4.653028120545847923e+04
169     4.625495579544047359e+04
170     4.627078510541066498e+04
171     4.600019738142296410e+04
172     4.664970804357778979e+04
173     4.643753842169543350e+04
174     4.628495597982009349e+04
175     4.608183825577022071e+04
176     4.680917441289652197e+04
177     4.714987812052675145e+04
178     4.849528048948649666e+04
179     4.941012931263173959e+04
180     4.959968463024820812e+04
181     5.002825640149462561e+04
182     5.038838594474620913e+04
183     5.040618361231216841e+04
184     5.073853064722623822e+04
185     5.057646368360870110e+04
186     5.057230425186330103e+04
187     5.085858774720542715e+04
188     5.082020074347593618e+04
189     5.109952249763872533e+04
190     5.170835348287524539e+04
191     5.254089842725356721e+04
192     5.234902970435893076e+04
193     5.290805176326658693e+04
194     5.395838584206305677e+04
195     5.389997757704544347e+04
196     5.379145617607647000e+04
197     5.381278588581200165e+04
198     5.412207233219237969e+04
199     5.410228657221540925e+04
200     5.446558070403440797e+04
201     5.432735593173033703e+04
202     5.437001399606309133e+04
203     5.530129043294196890e+04
204     5.503020839779158996e+04
205     5.588565166275372030e+04
206     5.586685861198573548e+04
207     5.643320243993176700e+04
208     5.650643259154611587e+04
209     5.682517119699598697e+04
210     5.655458059238163696e+04
211     5.655783080208715546e+04
212     5.642950931664926611e+04
213     5.619214335745439894e+04
214     5.610895232582611789e+04
215     5.614946277760187513e+04
216     5.707893836436211859e+04
217     5.777142698292258137e+04
218     5.982939669367423630e+04
219     6.001098100542538305e+04
220     6.052225919470263034e+04
221     6.148477553841548797e+04
222     6.272354286719197262e+04
223     6.329926808408502256e+04
224     6.380267705890440266e+04
225     6.452108293300844525e+04
226     6.699876269253625651e+04
227     6.716255400532964268e+04
228     6.744157977148822101e+04
229     6.766358754853402206e+04
230     6.736940111536570475e+04
231     6.814367746658874967e+04
232     6.870255120165552944e+04
233     6.892290625764953438e+04
234     6.901319357203834807e+04
235     6.910950880391676037e+04
236     7.031913578112784307e+04
237     7.044118087727068632e+04
238     7.114091709549642110e+04
239     7.124103311902283167e+04
240     7.236316759572365845e+04
241     7.218090824489091756e+04
242     7.258351985424372833e+04
243     7.296415117828307848e+04
244     7.349548096282714687e+04
245     7.348587876920036797e+04
246     7.375186367082112702e+04
247     7.360258987116151548e+04
248     7.410001738806256617e+04
249     7.442299491812348424e+04
250     7.412530213983013527e+04
251     7.456864886206616939e+04
252     7.442811722538230242e+04
253     7.442950824164605001e+04
254     7.608036265147307131e+04
255     7.799745504868248827e+04
256     7.860931344190066739e+04
257     7.967278233337111305e+04
258     8.107042882800614461e+04
259     8.213434000059329264e+04
260     8.251245993503207865e+04
261     8.362448725994439155e+04
262     8.509803576084965607e+04
263     8.534860490447083430e+04
264     8.628994447125167062e+04
265     8.725667447488513426e+04
266     8.774503410639424692e+04
267     8.943709522447513882e+04
268     8.970522749569975713e+04
269     9.060293293423602881e+04
270     9.136916156341291207e+04
271     9.331255963883723598e+04
272     9.360081454659596784e+04
273     9.352728748967591673e+04
274     9.397199530161006260e+04
275     9.670095067868348269e+04
276     9.671763652048975928e+04
277     9.768926932935224613e+04
278     9.816805391599948052e+04
279     9.871193593633595447e+04
280     9.929426980285083118e+04
281     9.995503932711623202e+04
282     1.009513659085533291e+05
283     1.025367283093079313e+05
284     1.023733564573323092e+05
285     1.025885153986253863e+05
286     1.034223456124164222e+05
287     1.038660356623039261e+05
288     1.036523186133324634e+05
289     1.034400788495684101e+05
290     1.039760546668659226e+05
291     1.047456164829346526e+05
292     1.049828114142601989e+05
293     1.059707932867501513e+05
294     1.059299499860028591e+05
295     1.081521321895674191e+05
296     1.092420074649328308e+05
297     1.095286628265473992e+05
298     1.100080799033806979e+05
299     1.101815229993305256e+05
300     1.128106185595037823e+05
301     1.152394329150546837e+05
302     1.183280153343749989e+05
303     1.183552941421882715e+05
304     1.198504609196482488e+05
305     1.212787251845233841e+05
306     1.218725388972151704e+05
307     1.241669556918873277e+05
308     1.256806911359923688e+05
309     1.378752464324746106e+05
310     1.394276037216878321e+05
311     1.403968613106451230e+05
312     1.418504374344498501e+05
313     1.424273492526024929e+05
314     1.420610845980319718e+05
315     1.419559877514071704e+05
316     1.436791279282134783e+05
317     1.434531414095353102e+05
318     1.446861599855732347e+05
319     1.444882889945506759e+05
320     1.448171573583040736e+05
321     1.445889693108677166e+05
322     1.452459129691050330e+05
323     1.463154923609543475e+05
324     1.501515409597512626e+05
325     1.519299954210121359e+05
326     1.514639604930257774e+05
327     1.510007785636050685e+05
328     1.519260410840609693e+05
329     1.514642697248111654e+05
330     1.557665251829818008e+05
331     1.557279418970326369e+05
332     1.560453495299168571e+05
333     1.573612061738314806e+05
334     1.584248965878454037e+05
335     1.584296049711697269e+05
336     1.606577357422543864e+05
337     1.623601187729052035e+05
338     1.657262844955147593e+05
339     1.663556977082566009e+05
340     1.688127694150108146e+05
341     1.691042189370153646e+05
342     1.686097550322206225e+05
343     1.713648438977290352e+05
344     1.726765803632106399e+05
345     1.731869816381826822e+05
346     1.737123610253057850e+05
347     1.773232567884757009e+05
348     1.772743148964271822e+05
349     1.787999252881351276e+05
350     1.797047664595273964e+05
351     1.812855959273107001e+05
352     1.819058279451152193e+05
353     1.836771929505522421e+05
354     1.840234707311406091e+05
355     1.851888998972339905e+05
356     1.851992846575711737e+05
357     1.870347117453134560e+05
358     1.878784655743007606e+05
359     1.878403914819426718e+05
360     1.904688790079120372e+05
361     1.918499103207562002e+05
362     1.924622363623627753e+05
363     1.921649344436052197e+05
364     1.927131757116906811e+05
365     1.966045365740288689e+05
366     2.000864755648341670e+05
367     2.017514014714945224e+05
368     2.039420071790860384e+05
369     2.033893316350858076e+05
370     2.029832744234520651e+05
371     2.036160874509157729e+05
372     2.030687501658405527e+05
373     2.031119348032657872e+05
374     2.051203157593487704e+05
375     2.053072284063702682e+05
376     2.091540427725657355e+05
377     2.107432001306261518e+05
378     2.116640404865181190e+05
379     2.159168967252522125e+05
380     2.210061699072076008e+05
381     2.220886808419168228e+05
382     2.233376502549712022e+05
383     2.227545832918897213e+05
384     2.242232848224899499e+05
385     2.236409249529085355e+05
386     2.249085208641478093e+05
387     2.243273992292814364e+05
388     2.246097724840140727e+05
389     2.240323757331708912e+05
390     2.239088214152976871e+05
391     2.233361801049436326e+05
392     2.240905643893125234e+05
393     2.252181420508068986e+05
394     2.260492484726200346e+05
395     2.338314534997679293e+05
396     2.350253545038993470e+05
397     2.372727529939859814e+05
398     2.396656103687316063e+05
399     2.461687371498073044e+05
400     2.473776226600469381e+05
401     2.503354353276416659e+05
402     2.508657373799508496e+05
403     2.527762775347003771e+05
404     2.532283023330820142e+05
405     2.532231353886551515e+05
406     2.559434306683778414e+05
407     2.559898237646938651e+05
408     2.575080292140808597e+05
409     2.578199336655896623e+05
410     2.595098580889620061e+05
411     2.617117359704833070e+05
412     2.623413953547636047e+05
413     2.617061901741878828e+05
414     2.630622629728507600e+05
415     2.641593522572789807e+05
416     2.646792823314619018e+05
417     2.644019065101399319e+05
418     2.637693772614611080e+05
419     2.631781125209976453e+05
420     2.633486188017982058e+05
421     2.635597203866278869e+05
422     2.655131138930269517e+05
423     2.654391428040030296e+05
424     2.658372481359070516e+05
425     2.673719853712398326e+05
426     2.670823685779570951e+05
427     2.664569063724115258e+05
428     2.675868844093707739e+05
429     2.690673331514082383e+05
430     2.716790791769984644e+05
431     2.725245875873450423e+05
432     2.718938015390126966e+05
433     2.730016292354983743e+05
434     2.723726470144459163e+05
435     2.740654766622888856e+05
436     2.741491876580620883e+05
437     2.745056010350174620e+05
438     2.752597801328348578e+05
439     2.751355968865369796e+05
440     2.748750599346939707e+05
441     2.751365701918877312e+05
442     2.756479070280473097e+05
443     2.764303110646664281e+05
444     2.777972303100349382e+05
445     2.775228174865475739e+05
446     2.781620976410651347e+05
447     2.795366931978227221e+05
448     2.790081254393181298e+05
449     2.800289773215879104e+05
450     2.797959600003582309e+05
451     2.799565842149481759e+05
452     2.793372437375612208e+05
453     2.793675633506039740e+05
454     2.793700299699568423e+05
455     2.798405666391337872e+05
456     2.817254192557328497e+05
457     2.818936499852044508e+05
458     2.845159587611571769e+05
459     2.846800704924688325e+05
460     2.853180248795564403e+05
461     2.879046026421195711e+05
462     2.883810756097237463e+05
463     2.897965684744741302e+05
464     2.910399114865566371e+05
465     2.904140692452064250e+05
466     2.905091352108291467e+05
467     2.911788498281036736e+05
468     2.912527819191465387e+05
469     2.939548825515689678e+05
470     2.952492884755050763e+05
471     2.966831897704536095e+05
472     2.960547080033792881e+05
473     2.977868334077274194e+05
474     2.971586538159052143e+05
475     2.974264956682820339e+05
476     2.977766720050425502e+05
477     2.971524462456014007e+05
478     2.987224080092401709e+05
479     2.980988235835477826e+05
480     2.979742493995318073e+05
481     3.006745941796082770e+05
482     3.006522570038096746e+05
483     3.001356819877937087e+05
484     3.003637202227524249e+05
485     2.999727016776850796e+05
486     3.004306230613728985e+05
487     3.000423785373440478e+05
488     2.997949629529850208e+05
489     3.005966647292329581e+05
490     3.013629411594325793e+05
491     3.011043225601598970e+05
492     3.013050620593387284e+05
493     3.011064490470794844e+05
494     3.013668541427327436e+05
495     3.011927864341213717e+05
496     3.013993313243572484e+05
497     3.010540180345398840e+05
498     3.012808097003510338e+05
499     3.009371080548813334e+05
500     3.017129449381842860e+05
501     3.025412595593964797e+05
502     3.025523404285006691e+05
503     3.040010478826810722e+05
504     3.037736007120016729e+05
505     3.036450579506101785e+05
506     3.041792820681600133e+05
507     3.047241773799885414e+05
508     3.047890606542029418e+05
509     3.050183686451534741e+05
510     3.057205646955150296e+05
511     3.051222947268512216e+05
512     3.053217248030020273e+05
513     3.047265544336009189e+05
514     3.041336952958164038e+05
515     3.040894480978690553e+05
516     3.048332500229676953e+05
517     3.045869380059122923e+05
518     3.047598950922549120e+05
519     3.044866010772344889e+05
520     3.057116143681426183e+05
521     3.052996676165263634e+05
522     3.051123956335981493e+05
523     3.045289908660001820e+05
524     3.067509639089989359e+05
525     3.062631661000331515e+05
526     3.075289798547334503e+05
527     3.071368558480269276e+05
528     3.069372929885314661e+05
529     3.079740324623420602e+05
530     3.099654430446375627e+05
531     3.101470921500798431e+05
532     3.096945160633084015e+05
533     3.091532339755474241e+05
534     3.088165538595488179e+05
535     3.082393046600663220e+05
536     3.082444107176833786e+05
537     3.079361064988191938e+05
538     3.087186163607885828e+05
539     3.089169315960971871e+05
540     3.089566242515960475e+05
541     3.088035371752092615e+05
542     3.091999836079453817e+05
543     3.089125451801599702e+05
544     3.089150814706664532e+05
545     3.086528824737704126e+05
546     3.080875648293670383e+05
547     3.079156493934425525e+05
548     3.077737342195630772e+05
549     3.072809595203316421e+05
550     3.077520576835538377e+05
551     3.075336395216855453e+05
552     3.074838251272027264e+05
553     3.070431205060267821e+05
554     3.066867914064616198e+05
555     3.061342018812368624e+05
556     3.059672637031473569e+05
557     3.056014756734401453e+05
558     3.054993347623894224e+05
559     3.060138784620660008e+05
560     3.072877856242330745e+05
561     3.070026650678620790e+05
562     3.065792576894884114e+05
563     3.073250284263929352e+05
564     3.076239564179740264e+05
565     3.087066544690435403e+05
566     3.085551462141160737e+05
567     3.083505290144233732e+05
568     3.099749591469922452e+05
569     3.113283189193137223e+05
570     3.123713516731652780e+05
571     3.122396251230657217e+05
572     3.126311663443500292e+05
573     3.132718144382620230e+05
574     3.147673695182213560e+05
575     3.168187901606443338e+05
576     3.167386304393034661e+05
577     3.163934395935784560e+05
578     3.161597241036381456e+05
579     3.157664518753555603e+05
580     3.154273499437532737e+05
581     3.148844428774831467e+05
582     3.150738939544963068e+05
583     3.153507889059065492e+05
584     3.149625435019259457e+05
585     3.151917615157868131e+05
586     3.152396847636152525e+05
587     3.148373238305315608e+05
588     3.146344198037755559e+05
589     3.156537993155090953e+05
590     3.160292877977846074e+05
591     3.158814620290914900e+05
592     3.161378025381789193e+05
593     3.158512290783500648e+05
594     3.158933433771067648e+05
595     3.155108146478788112e+05
596     3.149814336835758295e+05
597     3.148616005875931005e+05
598     3.146715014165331377e+05
599     3.147858049092146102e+05
600     3.142611508082093205e+05
601     3.143065968719176017e+05
602     3.139477989209712832e+05
603     3.134715685328949476e+05
604     3.136334268997104955e+05
605     3.135273270432250574e+05
606     3.136131831055922667e+05
607     3.133243557063019834e+05
608     3.134557980296696187e+05
609     3.132660093720837031e+05
610     3.143521491824742989e+05
611     3.141177924662916921e+05
612     3.139850840988091077e+05
613     3.146763809152219910e+05
614     3.146871448366659461e+05
615     3.148275900993673713e+05
616     3.160304538861844921e+05
617     3.158901672527695191e+05
618     3.156052789026657119e+05
619     3.152841627100862097e+05
620     3.166327602240063134e+05
621     3.165110719651001273e+05
622     3.165653500557161751e+05
623     3.162613025101707317e+05
624     3.164277616632892750e+05
625     3.168784935969202197e+05
626     3.174622066878146725e+05
627     3.184295503899357864e+05
628     3.184787044280670234e+05
629     3.188156277839245740e+05
630     3.193351728658254724e+05
631     3.193528399508481962e+05
632     3.192000397523479187e+05
633     3.195529789404315525e+05
634     3.190489499039732618e+05
635     3.186008362285243347e+05
636     3.197140147094941349e+05
637     3.195036689670496271e+05
638     3.190028903145198128e+05
639     3.185036698933231528e+05
640     3.185156686757950229e+05
641     3.189291624653487233e+05
642     3.187686876958717476e+05
643     3.197989930768687627e+05
644     3.209060410574750858e+05
645     3.226521783374971128e+05
646     3.228658859933503554e+05
647     3.240777975440630107e+05
648     3.252297176593471668e+05
649     3.262303485738904565e+05
650     3.264412333966270671e+05
651     3.264965677265731501e+05
652     3.265664360677037039e+05
653     3.291219969589505345e+05
654     3.286187395831239992e+05
655     3.294093396238360438e+05
656     3.293012715058797621e+05
657     3.288000392721046228e+05
658     3.289283619057174074e+05
659     3.290648137129215756e+05
660     3.300881598076180089e+05
661     3.309419963166647940e+05
662     3.309821613508833689e+05
663     3.330294047097790171e+05
664     3.342693600937086158e+05
665     3.341386167863937444e+05
666     3.355760866909179604e+05
667     3.350730209147708374e+05
668     3.355887888517772662e+05
669     3.354859282371429726e+05
670     3.362071505655685905e+05
671     3.364066157946412568e+05
672     3.365076600058798795e+05
673     3.363831353175280965e+05
674     3.360545306115964777e+05
675     3.384699703311012709e+05
676     3.385584456174371298e+05
677     3.384880779206703301e+05
678     3.382516446707390714e+05
679     3.377535409582231077e+05
680     3.384396918456417625e+05
681     3.397838162886440987e+05
682     3.400864051030430128e+05
683     3.404953921154728159e+05
684     3.425310673648128286e+05
685     3.425952566708031227e+05
686     3.427376334033393068e+05
687     3.424072489143255516e+05
688     3.431879620409711497e+05
689     3.439515974292209139e+05
690     3.437315425333589083e+05
691     3.432342247054600739e+05
692     3.436246006274875253e+05
693     3.431288347953127814e+05
694     3.437594639068605029e+05
695     3.444608969344290090e+05
696     3.445317760147584486e+05
697     3.442258324631966534e+05
698     3.437327229674975388e+05
699     3.434850931849461049e+05
700     3.431984815042836126e+05
701     3.443947782192788436e+05
702     3.441918601083345711e+05
703     3.442274670280453283e+05
704     3.451047996331615141e+05
705     3.458554445571405231e+05
706     3.470268507183580077e+05
707     3.465360211894098320e+05
708     3.476946932808391866e+05
709     3.483190884205889306e+05
710     3.478285068327300251e+05
711     3.483284800055281958e+05
712     3.488315948586681043e+05
713     3.491489099193701986e+05
714     3.495929476453224197e+05
715     3.509944966167694656e+05
716     3.516211147288878565e+05
717     3.516321464126458159e+05
718     3.536760993752878276e+05
719     3.531842381700258702e+05
720     3.555452908359063440e+05
721     3.570308142249295488e+05
722     3.578290990282723214e+05
723     3.585916344244848588e+05
724     3.582251547453226522e+05
725     3.586532575112491613e+05
726     3.593590843834255938e+05
727     3.593938684389300179e+05
728     3.602951703937693383e+05
729     3.607705864186065155e+05
730     3.627497529085214483e+05
731     3.638709265036757570e+05
732     3.646651312153898180e+05
733     3.651291520035446156e+05
734     3.664884625337428297e+05
735     3.662176148999503348e+05
736     3.664508237397948396e+05
737     3.673181334205053863e+05
738     3.669268636742996750e+05
739     3.671067601013625972e+05
740     3.677930291113835410e+05
741     3.683457075945033575e+05
742     3.731689041988454992e+05
743     3.745475281799547374e+05
744     3.761814985000133165e+05
745     3.760532775167283835e+05
746     3.761786900714451913e+05
747     3.781418893612098182e+05
748     3.804742126152852434e+05
749     3.826462067188419751e+05
750     3.849330067631917191e+05
751     3.858988220985850785e+05
752     3.854250148147587315e+05
753     3.851743652776889503e+05
754     3.851412368001564755e+05
755     3.852722479436758440e+05
756     3.856814285636181012e+05
757     3.858804042637207895e+05
758     3.853713187350131338e+05
759     3.851912873239189503e+05
760     3.854959288153486559e+05
761     3.861758131457438576e+05
762     3.856690215312425862e+05
763     3.851635575975410757e+05
764     3.853651590903061442e+05
765     3.859145806853688555e+05
766     3.862848133666077047e+05
767     3.862580913717033109e+05
768     3.867012007042516489e+05
769     3.881359455823594471e+05
770     3.876319128100942471e+05
771     3.876979159864580142e+05
772     3.882673270894092857e+05
773     3.911898287441129796e+05
774     3.931910437284150976e+05
775     3.926836754155351082e+05
776     3.926552364374633180e+05
777     3.926356822697013267e+05
778     3.932845998055237578e+05
779     3.927797315689871321e+05
780     3.928393790608964628e+05
781     3.934437331098834984e+05
782     3.999793973794661579e+05
783     4.003791027185244602e+05
784     3.998684315045073745e+05
785     4.020139286144573125e+05
786     4.025973068247034680e+05
787     4.112029331874743802e+05
788     4.114054991273467895e+05
789     4.126525014979424304e+05
790     4.122839083703697543e+05
791     4.128091414240194135e+05
792     4.128369902975655277e+05
793     4.130645062630015309e+05
794     4.128050809812409570e+05
795     4.144422706100779469e+05
796     4.144262069365279167e+05
797     4.183162674634618452e+05
798     4.197147518732397002e+05
799     4.200366560017228476e+05
800     4.201264163099282305e+05
801     4.229609999695263687e+05
802     4.244467965816477663e+05
803     4.242353963361532078e+05
804     4.269393992252444150e+05
805     4.287268150719859404e+05
806     4.325984080167798675e+05
807     4.335658230454559089e+05
808     4.330292625398462405e+05
809     4.332544391469443217e+05
810     4.327195673209931119e+05
811     4.331865083244875423e+05
812     4.331871895916523063e+05
813     4.335600758595579537e+05
814     4.357352485537268803e+05
815     4.384371878233563039e+05
816     4.391531939891527290e+05
817     4.403732386517691775e+05
818     4.407828419243692770e+05
819     4.402446937081484357e+05
820     4.405165051043118001e+05
821     4.404795878307768144e+05
822     4.399437554340991774e+05
823     4.394092252036300488e+05
824     4.410545461184901069e+05
825     4.412699624101287336e+05
826     4.433410149037798983e+05
827     4.438204011638528318e+05
828     4.433303289026120328e+05
829     4.435112775962657179e+05
830     4.441643761761915521e+05
831     4.436298852629199391e+05
832     4.442788751730786171e+05
833     4.450976819944745512e+05
834     4.454039146600080421e+05
835     4.448705138703355915e+05
836     4.449201895184972091e+05
837     4.444264106707010651e+05
838     4.439149276915591909e+05
839     4.459187572679033037e+05
840     4.455942009605288622e+05
841     4.499541329967725906e+05
842     4.543397476487068343e+05
843     4.556642674456026289e+05
844     4.569366237963953172e+05
845     4.598440349252805463e+05
846     4.600187958940993994e+05
847     4.611862790448417654e+05
848     4.610603025981232058e+05
849     4.625714904937489191e+05
850     4.622917961731349351e+05
851     4.633832898899171269e+05
852     4.642352194613922038e+05
853     4.645701534427072038e+05
854     4.668707563842248637e+05
855     4.676240552477294113e+05
856     4.676204704158686800e+05
857     4.722692858115680283e+05
858     4.765087793667044025e+05
859     4.773581288145855069e+05
860     4.778094068759336369e+05
861     4.775609789911925327e+05
862     4.782250344335595728e+05
863     4.780925043431594968e+05
864     4.777514728473408613e+05
865     4.781655826735584415e+05
866     4.776134082253110246e+05
867     4.823528221831890987e+05
868     4.853603878550180816e+05
869     4.887917238995063817e+05
870     4.900096536165375728e+05
871     4.915956344552513910e+05
872     4.942747169690795126e+05
873     4.981354612932166201e+05
874     4.992845767525084666e+05
875     5.002367101256534224e+05
876     5.040355481918775477e+05
877     5.042513082859234419e+05
878     5.042725018068538047e+05
879     5.055008107142138178e+05
880     5.062738095623555128e+05
881     5.056992194765668828e+05
882     5.059744105661502690e+05
883     5.054014462698542629e+05
884     5.055347747228180524e+05
885     5.076300266031962237e+05
886     5.090537771963129635e+05
887     5.107887722367331153e+05
888     5.125944723531042109e+05
889     5.126805687076865579e+05
890     5.123012655809271382e+05
891     5.140650676550855860e+05
892     5.169743396716536372e+05
893     5.168052148670214810e+05
894     5.200744841646670247e+05
895     5.198331974921858055e+05
896     5.200748844982862938e+05
897     5.196047503658455098e+05
898     5.195606872823956655e+05
899     5.206540715348736849e+05
900     5.228422914043759811e+05
901     5.224313088836810202e+05
902     5.218520830893835519e+05
903     5.247497661927113077e+05
904     5.268047443671517540e+05
905     5.295545865393347340e+05
906     5.289700791849739617e+05
907     5.283868607332849642e+05
908     5.320807695764395176e+05
909     5.365706866831001826e+05
910     5.384642714965142077e+05
911     5.381936171097650658e+05
912     5.404668502535475418e+05
913     5.403694816474182298e+05
914     5.402723006938417675e+05
915     5.424040088760167127e+05
916     5.424667833924392471e+05
917     5.458824863953772001e+05
918     5.489901991662418004e+05
919     5.483929102630361449e+05
920     5.492316440115616424e+05
921     5.496556021162805846e+05
922     5.512158132698319387e+05
923     5.515770108628919115e+05
924     5.509801155449097278e+05
925     5.512716309128163848e+05
926     5.513845746430653380e+05
927     5.515398095494718291e+05
928     5.532226161728934385e+05
929     5.526271985943940235e+05
930     5.560449829371313099e+05
931     5.557120914852743736e+05
932     5.552585310935762245e+05
933     5.562981122049689293e+05
934     5.580761461586247897e+05
935     5.583966675354741747e+05
936     5.593982419401865918e+05
937     5.601373439144891454e+05
938     5.621325964979934506e+05
939     5.626440160389683442e+05
940     5.620454997866385384e+05
941     5.649484468757159775e+05
942     5.659204679147364805e+05
943     5.681443270432108548e+05
944     5.700318143466468900e+05
945     5.694288096289414680e+05
946     5.688270920830223477e+05
947     5.690801262216173345e+05
948     5.695592458871669369e+05
949     5.722870571766252397e+05
950     5.728773202870880486e+05
951     5.725098418603547616e+05
952     5.745899447773523862e+05
953     5.756499137852815911e+05
954     5.752829392650625668e+05
955     5.763693794639512198e+05
956     5.763188095307728508e+05
957     5.763645538945868611e+05
958     5.788177227423968725e+05
959     5.796026449467404746e+05
960     5.794042665319276275e+05
961     5.805109043408440193e+05
962     5.813340326598050306e+05
963     5.822857634205868235e+05
964     5.816817062956707086e+05
965     5.857842067537442781e+05
966     5.878163277278750902e+05
967     5.900200923936271574e+05
968     5.908345936317624291e+05
969     5.921905110118794255e+05
970     5.955353126027020626e+05
971     5.956077590663767187e+05
972     5.981486994807573501e+05
973     5.984627650282589020e+05
974     5.982531371635615360e+05
975     6.006017913890630007e+05
976     6.005561287086983211e+05
977     6.008744403731452767e+05
978     6.022802450416793581e+05
979     6.016650228994525969e+05
980     6.010740839364689309e+05
981     6.006577390620033257e+05
982     6.008390060337680625e+05
983     6.024555082356724888e+05
984     6.045979986160232220e+05
985     6.065903126361838076e+05
986     6.091033874732509721e+05
987     6.093399559929758543e+05
988     6.088798600352352951e+05
989     6.082641904674181715e+05
990     6.076497828961545601e+05
991     6.111954180550868623e+05
992     6.129003537772771670e+05
993     6.160907338932257844e+05
994     6.154710046197070042e+05
995     6.157603914435106562e+05
996     6.162352736471642274e+05
997     6.171514262417564169e+05
998     6.173581520522679202e+05
999     6.189639880810504546e+05
1000    6.197196668266780907e+05
1001    6.196044794375974452e+05
1002    6.207223321285737911e+05
1003    6.216817441468621837e+05
1004    6.213184105835731607e+05
1005    6.207002768533898052e+05
1006    6.223136534688523971e+05
1007    6.224950884055328788e+05
1008    6.240232384036360309e+05
1009    6.250561551137720235e+05
1010    6.262813265340115177e+05
1011    6.272834968349365517e+05
1012    6.324743120793285780e+05
1013    6.318500715167017188e+05
1014    6.358195220721595688e+05
1015    6.366948181225907756e+05
1016    6.372070714512396371e+05
1017    6.365805470727399224e+05
1018    6.387831487526309211e+05
1019    6.404716380043185782e+05
1020    6.409220754775574896e+05
1021    6.408007013211431913e+05
1022    6.409442314989162842e+05
1023    6.440485650573997991e+05
1024    6.461499888357255841e+05
1025    6.458624326371796196e+05
1026    6.461301996179149719e+05
1027    6.463682142119575292e+05
1028    6.471080473678408889e+05
1029    6.470845765257803723e+05
1030    6.505272297577310819e+05
1031    6.498963026160098379e+05
1032    6.526534730555610731e+05
1033    6.530195668113280553e+05
1034    6.536807900476804934e+05
1035    6.537673087184432661e+05
1036    6.533455395861078287e+05
1037    6.547515660423852969e+05
1038    6.560945938823755132e+05
1039    6.570758536036612932e+05
1040    6.570547365105591016e+05
1041    6.573701346014058217e+05
1042    6.585550338861655910e+05
1043    6.588980462993605761e+05
1044    6.587403001226021443e+05
1045    6.586577725839598570e+05
1046    6.583322968520637369e+05
1047    6.580917688672104850e+05
1048    6.591640754544329830e+05
1049    6.610621807380088139e+05
1050    6.614664114113292890e+05
1051    6.629533025417238241e+05
1052    6.623231984893428162e+05
1053    6.626755857506401371e+05
1054    6.644546516374887433e+05
1055    6.638249696132334648e+05
1056    6.640090461189027410e+05
1057    6.633809480069943238e+05
1058    6.634746487922745291e+05
1059    6.628481942343399860e+05
1060    6.630900978731894866e+05
1061    6.632907073999377899e+05
1062    6.643807882291008718e+05
1063    6.637558553389639128e+05
1064    6.647536730234485585e+05
1065    6.654355140976187540e+05
1066    6.651591732448635157e+05
1067    6.660147493466769811e+05
1068    6.657993304410628043e+05
1069    6.658296393309428822e+05
1070    6.657889697503909701e+05
1071    6.658752198973045452e+05
1072    6.652541533185420558e+05
1073    6.655808262018144596e+05
1074    6.662335135576240718e+05
1075    6.664955237921784865e+05
1076    6.665713165465856437e+05
1077    6.661898771212142892e+05
1078    6.670882203272393672e+05
1079    6.667878123047875706e+05
1080    6.685202707080402179e+05
1081    6.691069978688615374e+05
1082    6.692622526521446416e+05
1083    6.686443359785380308e+05
1084    6.682382881319246953e+05
1085    6.679593941144293640e+05
1086    6.677799310208120150e+05
1087    6.673427111151491990e+05
1088    6.670123827830569353e+05
1089    6.671949512719534105e+05
1090    6.669892547299182042e+05
1091    6.668950631014232058e+05
1092    6.665459078530246625e+05
1093    6.659361391583663644e+05
1094    6.672714954181698849e+05
1095    6.669451538622273365e+05
1096    6.664308841040028492e+05
1097    6.664040730846414808e+05
1098    6.662542237966345856e+05
1099    6.670637900451237801e+05
1100    6.666276369983562035e+05
1101    6.661260628215041943e+05
1102    6.672387046077921987e+05
1103    6.674292117798042018e+05
1104    6.668246673473262927e+05
1105    6.679206349868996767e+05
1106    6.686469317832505330e+05
1107    6.691082085481062531e+05
1108    6.685043625456604641e+05
1109    6.693987089630638948e+05
1110    6.687957157485308126e+05
1111    6.698261472947667353e+05
1112    6.699685837756296387e+05
1113    6.704942188135241158e+05
1114    6.704846510408704635e+05
1115    6.702291537701578345e+05
1116    6.700216820490745595e+05
1117    6.700589163524879841e+05
1118    6.697938465273107868e+05
1119    6.698069784371028654e+05
1120    6.701486400702591054e+05
1121    6.700878801415840862e+05
1122    6.702916820156800095e+05
1123    6.702504690235788003e+05
1124    6.696541883905021241e+05
1125    6.694897438089675270e+05
1126    6.694267858058454003e+05
1127    6.693529043493664358e+05
1128    6.692791502492601285e+05
1129    6.695159085925450781e+05
1130    6.700743537031017477e+05
1131    6.697269437371842796e+05
1132    6.701352074850115459e+05
1133    6.697049938287221594e+05
1134    6.711167180376086617e+05
1135    6.710664430970826652e+05
1136    6.711464187696799636e+05
1137    6.721511667363554006e+05
1138    6.716586628712821985e+05
1139    6.717676966514092637e+05
1140    6.716359937954224879e+05
1141    6.718681175422723172e+05
1142    6.718324364908501739e+05
1143    6.712982052480208222e+05
1144    6.720061250219295034e+05
1145    6.726157038130239816e+05
1146    6.728917573576623108e+05
1147    6.726532340944427997e+05
1148    6.726936163736132439e+05
1149    6.730103958408231847e+05
1150    6.737547590275830589e+05
1151    6.731693975553918863e+05
1152    6.727502499164558249e+05
1153    6.739048819934063358e+05
1154    6.733209577829203336e+05
1155    6.732034164449793752e+05
1156    6.733398809755461989e+05
1157    6.727579455487683881e+05
1158    6.737117564797467785e+05
1159    6.733569639026867226e+05
1160    6.731976044973785756e+05
1161    6.727959640682647005e+05
1162    6.737041651154849678e+05
1163    6.733352287108561723e+05
1164    6.727567536872656783e+05
1165    6.724425705704252468e+05
1166    6.718658540242119925e+05
1167    6.722399109022452030e+05
1168    6.739196292743149679e+05
1169    6.741345368828462670e+05
1170    6.753986479727518745e+05
1171    6.760228335918204393e+05
1172    6.766009907424919074e+05
1173    6.768179482566596707e+05
1174    6.774702996036261320e+05
1175    6.771568290286600823e+05
1176    6.792142453170663211e+05
1177    6.788657812837619567e+05
1178    6.795448308239312610e+05
1179    6.793121347513529472e+05
1180    6.795800280176348751e+05
1181    6.804216504837821703e+05
1182    6.813545400578617118e+05
1183    6.829586019794576569e+05
1184    6.840876406477586133e+05
1185    6.835945375478618080e+05
1186    6.841162962834179634e+05
1187    6.838726281024382915e+05
1188    6.874836996885925764e+05
1189    6.897865811525650788e+05
1190    6.905583955833640648e+05
1191    6.909967725810889388e+05
1192    6.914997065273063490e+05
1193    6.929576691900165752e+05
1194    6.928395713257245952e+05
1195    6.931103105192465009e+05
1196    6.935560684633455239e+05
1197    6.941866175639396533e+05
1198    6.944162940363284433e+05
1199    6.952327900521038100e+05
1200    6.948655276709711179e+05
1201    6.960536528458198300e+05
1202    6.967302817780403420e+05
1203    6.964421499920836650e+05
1204    6.958637474087732844e+05
1205    6.960316409251838923e+05
1206    6.957203815837273141e+05
1207    6.951440152446343563e+05
1208    6.959973541808978189e+05
1209    6.969944033516012132e+05
1210    6.971493961705192924e+05
1211    6.978709895583111793e+05
1212    7.000550492522070417e+05
1213    7.000979339997915085e+05
1214    7.012476171275336528e+05
1215    7.014344238742629532e+05
1216    7.013844886260722997e+05
1217    7.012224660732578486e+05
1218    7.011040941936172312e+05
1219    7.007162017376588192e+05
1220    7.001419213729891926e+05
1221    6.998049679592433386e+05
1222    6.992323729575830512e+05
1223    6.986607142081767088e+05
1224    6.980899537406065501e+05
1225    6.989065925228446722e+05
1226    6.997522211300941417e+05
1227    7.019508278418952832e+05
1228    7.029855862349253148e+05
1229    7.035976799999262439e+05
1230    7.030256054994106526e+05
1231    7.029358066034808289e+05
1232    7.031585585061446764e+05
1233    7.032609993858011439e+05
1234    7.074816570923783584e+05
1235    7.075331013469223399e+05
1236    7.069606639575472800e+05
1237    7.068198095456763403e+05
1238    7.075078118522068253e+05
1239    7.071926397075910354e+05
1240    7.078449049258285668e+05
1241    7.079925602604374290e+05
1242    7.082294297476817155e+05
1243    7.076596337241232395e+05
1244    7.079767525909458054e+05
1245    7.078715944758815458e+05
1246    7.073034436939266743e+05
1247    7.100608596596085699e+05
1248    7.107032805368666304e+05
1249    7.109780708901251201e+05
1250    7.129265638812729158e+05
1251    7.141822251666714437e+05
1252    7.151267683264419902e+05
1253    7.148607495702974265e+05
1254    7.143679797852216288e+05
1255    7.165596363081836607e+05
1256    7.165255204179397551e+05
1257    7.159554940702854656e+05
1258    7.167640351441584062e+05
1259    7.183314609179279068e+05
1260    7.190802198432940058e+05
1261    7.206739034276885213e+05
1262    7.212602335626211716e+05
1263    7.225054441293268465e+05
1264    7.226610973585011670e+05
1265    7.224360230819623685e+05
1266    7.241208568978268886e+05
1267    7.235494301867142785e+05
1268    7.249261502683173167e+05
1269    7.246688037457442842e+05
1270    7.240981779840285890e+05
1271    7.235284501706227893e+05
1272    7.256873277775233146e+05
1273    7.280134737709971378e+05
1274    7.274420336594845867e+05
1275    7.312560321655422449e+05
1276    7.328496189133859007e+05
1277    7.327886029430297203e+05
1278    7.322151772766377544e+05
1279    7.338734223309123190e+05
1280    7.344361510565858334e+05
1281    7.372816055905332323e+05
1282    7.397395102130838204e+05
1283    7.414215494611577597e+05
1284    7.421188930507129990e+05
1285    7.428414761749915779e+05
1286    7.437490814252176788e+05
1287    7.442978440476489486e+05
1288    7.448495517398394877e+05
1289    7.447888363187175710e+05
1290    7.471334038804271258e+05
1291    7.487148221361204050e+05
1292    7.508334826363375178e+05
1293    7.510955079086775659e+05
1294    7.509439549469919875e+05
1295    7.523714812799465144e+05
1296    7.542420466416105628e+05
1297    7.550593995310366154e+05
1298    7.564494889569922816e+05
1299    7.558673923889121506e+05
1300    7.552861081867797766e+05
1301    7.565858192736700876e+05
1302    7.600362411504348274e+05
1303    7.599093767505845753e+05
1304    7.596177033592633670e+05
1305    7.604814560132907936e+05
1306    7.611899487876241328e+05
1307    7.634684596146856202e+05
1308    7.649289552291410509e+05
1309    7.677700968715603231e+05
1310    7.691610602322532795e+05
1311    7.725458914354561130e+05
1312    7.761755164630538784e+05
1313    7.786641450343402103e+05
1314    7.823990599536939990e+05
1315    7.835863954315083101e+05
1316    7.859251919514358742e+05
1317    7.865201359842807287e+05
1318    7.859234580300459638e+05
1319    7.867699032198736677e+05
1320    7.906725940477717668e+05
1321    7.903142211042692652e+05
1322    7.916011949783319142e+05
1323    7.915692592997798929e+05
1324    7.922065417421571910e+05
1325    7.923393070307819871e+05
1326    7.945738172291679075e+05
1327    7.939752308519663056e+05
1328    7.945974853494404815e+05
1329    7.964090571599656250e+05
1330    7.975717129161533667e+05
1331    7.974115585017353296e+05
1332    7.979117252368509071e+05
1333    8.028246624307048041e+05
1334    8.061969425887283869e+05
1335    8.063806443375856616e+05
1336    8.057771417999312980e+05
1337    8.099117770337762777e+05
1338    8.096182491145982640e+05
1339    8.115324192566922866e+05
1340    8.125766641538999975e+05
1341    8.126966763088310836e+05
1342    8.128821421202676138e+05
1343    8.126694069720909465e+05
1344    8.133713406018173555e+05
1345    8.175328064366201870e+05
1346    8.177720705850137165e+05
1347    8.184100702399914153e+05
1348    8.190023547595274867e+05
1349    8.207787766064740717e+05
1350    8.209471227071165340e+05
1351    8.236636298380178632e+05
1352    8.230544824869649019e+05
1353    8.242508016378438333e+05
1354    8.243323142989644548e+05
1355    8.247239223263068125e+05
1356    8.305044476768628228e+05
1357    8.309360599905883428e+05
1358    8.324857650789518375e+05
1359    8.327122460451896768e+05
1360    8.326199099071761593e+05
1361    8.348447853269133484e+05
1362    8.364018841046959860e+05
1363    8.383451752866511233e+05
1364    8.405238182120538549e+05
1365    8.407575431422400288e+05
1366    8.443177698387755081e+05
1367    8.438514108855915256e+05
1368    8.445326334154749056e+05
1369    8.460390245195874013e+05
1370    8.468474882811735151e+05
1371    8.494599702621254837e+05
1372    8.492120125616055448e+05
1373    8.509058203615391394e+05
1374    8.539819010208635591e+05
1375    8.533608848791540368e+05
1376    8.547824429512612987e+05
1377    8.554104494981395546e+05
1378    8.572368432260953123e+05
1379    8.588115363110890612e+05
1380    8.593496330416045384e+05
1381    8.596478288143009413e+05
1382    8.606094853189520072e+05
1383    8.607696976545564830e+05
1384    8.604392050013166154e+05
1385    8.649358522622238379e+05
1386    8.677944429058092646e+05
1387    8.681338896227948135e+05
1388    8.688010450231870636e+05
1389    8.686477982183344429e+05
1390    8.700046967494337587e+05
1391    8.702815962106911466e+05
1392    8.705840344025865197e+05
1393    8.714828386841433821e+05
1394    8.708576658409747761e+05
1395    8.722752196611447725e+05
1396    8.758950478631460574e+05
1397    8.781510052235197509e+05
1398    8.802701577400085516e+05
1399    8.813269365612262627e+05
1400    8.830332710133405635e+05
1401    8.846828806178108789e+05
1402    8.881305065107697155e+05
1403    8.912360562333919806e+05
1404    8.920935583482086658e+05
1405    8.948163061100846389e+05
1406    8.963645288547513774e+05
1407    8.981356537666416261e+05
1408    8.992233727080185199e+05
1409    9.003719810441480950e+05
1410    9.002957347431518137e+05
1411    9.012601046416962054e+05
1412    9.024254981917745899e+05
1413    9.028223442648197524e+05
1414    9.080299647683900548e+05
1415    9.092086383131420007e+05
1416    9.117490768568166532e+05
1417    9.127896377552796621e+05
1418    9.175059533264294732e+05
1419    9.191329882793767611e+05
1420    9.202014333231071942e+05
1421    9.210151638031956973e+05
1422    9.211345006689011352e+05
1423    9.218422251120147994e+05
1424    9.280978413941096514e+05
1425    9.300567778377681971e+05
1426    9.329114222898122389e+05
1427    9.329049229747364298e+05
1428    9.323489119456014596e+05
1429    9.337731117341282079e+05
1430    9.350107102851908421e+05
1431    9.358672179834303679e+05
1432    9.352138096597692929e+05
1433    9.379453084969603224e+05
1434    9.386574892512662336e+05
1435    9.392905290053582285e+05
1436    9.423520596904633567e+05
1437    9.471144508990943432e+05
1438    9.470837169274972985e+05
1439    9.464257176422030898e+05
1440    9.486953646916813450e+05
1441    9.514955624038665555e+05
1442    9.519585050887733232e+05
1443    9.540019449663363630e+05
1444    9.539823193220926914e+05
1445    9.536345909410120221e+05
1446    9.553311813244221266e+05
1447    9.576012581016499316e+05
1448    9.597510270777664846e+05
1449    9.603388773901707027e+05
1450    9.627555487366020679e+05
1451    9.623897954206130235e+05
1452    9.625951377150875051e+05
1453    9.619328509081805823e+05
1454    9.612714620663869428e+05
1455    9.622570654275347479e+05
1456    9.632774704405973898e+05
1457    9.626166527455667965e+05
1458    9.622411334033206804e+05
1459    9.636040951722948812e+05
1460    9.630132597529920749e+05
1461    9.630388331976927584e+05
1462    9.651569027392322896e+05
1463    9.651826059612199897e+05
1464    9.708131967312187189e+05
1465    9.725306202236872632e+05
1466    9.754561883129687048e+05
1467    9.768209410758224549e+05
1468    9.767259869474016596e+05
1469    9.784920395009286003e+05
1470    9.801921709599227179e+05
1471    9.809833918313947506e+05
1472    9.824402876695869491e+05
1473    9.832194876609285129e+05
1474    9.834989714074679650e+05
1475    9.880459015434548492e+05
1476    9.899223998323748820e+05
1477    9.910200303163337521e+05
1478    9.913586531586321071e+05
1479    9.906884655362067278e+05
1480    9.915677939294136595e+05
1481    9.937145097326211398e+05
1482    9.946980026534870267e+05
1483    9.952183900976447621e+05
1484    9.961927086712185992e+05
1485    9.960950783532558708e+05
1486    9.993912947774578352e+05
1487    1.000467163455628441e+06
1488    9.999925922625588719e+05
1489    1.000610099407120608e+06
1490    1.000652635407908121e+06
1491    1.002251538265977055e+06
1492    1.001997342849175911e+06
1493    1.004686167719174060e+06
1494    1.006574284454381326e+06
1495    1.007043740927150939e+06
1496    1.007659583389558014e+06
1497    1.008783653029865120e+06
1498    1.008677394103596453e+06
1499    1.009526328134341165e+06
1500    1.010482335280654253e+06
1501    1.011197058909287327e+06
1502    1.015252361849946552e+06
1503    1.018427434112162096e+06
1504    1.021044124521309510e+06
1505    1.020949240067274543e+06
1506    1.022417561127149267e+06
1507    1.026315007838195888e+06
1508    1.027635615726392367e+06
1509    1.029257446439203224e+06
1510    1.030555327757215127e+06
1511    1.031587789484306821e+06
1512    1.034778026212103316e+06
1513    1.035145496478844900e+06
1514    1.035310072175384499e+06
1515    1.039181848975308007e+06
1516    1.041241714959544945e+06
1517    1.041320390125470585e+06
1518    1.040863419637413928e+06
1519    1.041409704167746240e+06
1520    1.043027331858775695e+06
1521    1.042716271873433259e+06
1522    1.042031182074723998e+06
1523    1.042499257693370222e+06
1524    1.044845933383025462e+06
1525    1.045625366310980753e+06
1526    1.045278041683904827e+06
1527    1.045835325915827998e+06
1528    1.047310788838936598e+06
1529    1.046625852306887275e+06
1530    1.051063694399609463e+06
1531    1.051522585711182561e+06
1532    1.055057533211447997e+06
1533    1.055407991418606369e+06
1534    1.056296433851676760e+06
1535    1.059273900808710838e+06
1536    1.059122212371206842e+06
1537    1.060631920802194159e+06
1538    1.062098328733682167e+06
1539    1.063963064985423815e+06
1540    1.066230271801974857e+06
1541    1.069413654465774540e+06
1542    1.071138720842349343e+06
1543    1.070444632011893671e+06
1544    1.070363662200896535e+06
1545    1.071111446220768383e+06
1546    1.072419974232633598e+06
1547    1.072732702846704749e+06
1548    1.072151414955087937e+06
1549    1.072367022138447966e+06
1550    1.072826251679616515e+06
1551    1.075067463785408763e+06
1552    1.075292862305946182e+06
1553    1.075865477733666543e+06
1554    1.076627762291881489e+06
1555    1.075935454031940317e+06
1556    1.075663052534914343e+06
1557    1.075015317516912241e+06
1558    1.074325318250917364e+06
1559    1.076962943196606822e+06
1560    1.076743338963021757e+06
1561    1.076161687486134702e+06
1562    1.076413902920893393e+06
1563    1.076314011992924148e+06
1564    1.075788153932291316e+06
1565    1.076140078354601748e+06
1566    1.075453048710582545e+06
1567    1.074766923079673434e+06
1568    1.074081704019202851e+06
1569    1.073887404126512585e+06
1570    1.075086627143257996e+06
1571    1.074891912373496918e+06
1572    1.074758521824367577e+06
1573    1.074317415604008827e+06
1574    1.073887295909549808e+06
1575    1.073965514987295959e+06
1576    1.073406821777494624e+06
1577    1.073595521940879989e+06
1578    1.073417362995626871e+06
1579    1.073445848936481867e+06
1580    1.073154572851055069e+06
1581    1.072476066164689837e+06
1582    1.072800314692093059e+06
1583    1.073027101835270878e+06
1584    1.072514144988175714e+06
1585    1.073086989691063995e+06
1586    1.073795616408942500e+06
1587    1.075641855662711663e+06
1588    1.075051893715488259e+06
1589    1.075452183628435479e+06
1590    1.075869981299892534e+06
1591    1.077285102817839012e+06
1592    1.077691430615033023e+06
1593    1.081672403539540013e+06
1594    1.081292069705434144e+06
1595    1.081651008073192788e+06
1596    1.080973750423069345e+06
1597    1.081860049878669670e+06
1598    1.083244532451979816e+06
1599    1.082865551336884499e+06
1600    1.082407027569275349e+06
1601    1.082218099784499733e+06
1602    1.082250447049497627e+06
1603    1.081835801599330269e+06
1604    1.082462390348854940e+06
1605    1.082919490470018703e+06
1606    1.083576346975415945e+06
1607    1.084435265668134205e+06
1608    1.085449779928623233e+06
1609    1.085852332892670529e+06
1610    1.085177978811010020e+06
1611    1.085084821302939439e+06
1612    1.085479045471687336e+06
1613    1.085453818455903325e+06
1614    1.085453359688776312e+06
1615    1.086092118897675304e+06
1616    1.086691279401990585e+06
1617    1.087038874405956594e+06
1618    1.087082777351626661e+06
1619    1.087900909701498225e+06
1620    1.087884410239498597e+06
1621    1.087688496205980889e+06
1622    1.088564498735982459e+06
1623    1.088794297492107842e+06
1624    1.088853907879523234e+06
1625    1.088904812428651610e+06
1626    1.088377915380728198e+06
1627    1.089587714197275927e+06
1628    1.088918356219997164e+06
1629    1.089015594227527501e+06
1630    1.089289681190480478e+06
1631    1.089136012899025111e+06
1632    1.088573004592927406e+06
1633    1.087988891901086317e+06
1634    1.087848406706725480e+06
1635    1.087362013097931398e+06
1636    1.088524934434346622e+06
1637    1.088005183209688868e+06
1638    1.087340894853639649e+06
1639    1.088434557133832015e+06
1640    1.088823426380310208e+06
1641    1.088305142621858045e+06
1642    1.087642403106434271e+06
1643    1.088232490662274649e+06
1644    1.087836513098795433e+06
1645    1.087461277553924592e+06
1646    1.087506880763235036e+06
1647    1.088457753324495163e+06
1648    1.088188955909126904e+06
1649    1.088759987187637249e+06
1650    1.088100049569758354e+06
1651    1.087741812708507758e+06
1652    1.087737399651956512e+06
1653    1.087220568096799543e+06
1654    1.087346028374752263e+06
1655    1.086855336259765085e+06
1656    1.086309795326207532e+06
1657    1.085752771258341847e+06
1658    1.085639427466150606e+06
1659    1.085246644242967013e+06
1660    1.085008680991175584e+06
1661    1.084355406294477871e+06
1662    1.083702906533873873e+06
1663    1.083494760724224150e+06
1664    1.084816452333198162e+06
1665    1.085642218713012058e+06
1666    1.085983776104963850e+06
1667    1.086477561573412269e+06
1668    1.086730499114864040e+06
1669    1.086194072807088494e+06
1670    1.085901166331849294e+06
1671    1.085310786434973590e+06
1672    1.085986959930996178e+06
1673    1.087625110081167426e+06
1674    1.087872645777896047e+06
1675    1.088064879934721626e+06
1676    1.088015774409363978e+06
1677    1.088977093077298254e+06
1678    1.088447676694557304e+06
1679    1.089101247064175317e+06
1680    1.089754469119884539e+06
1681    1.089491304193140240e+06
1682    1.090374232821760699e+06
1683    1.092098592688897392e+06
1684    1.091450041980721056e+06
1685    1.091193651450723875e+06
1686    1.091103475463845301e+06
1687    1.090456664329154417e+06
1688    1.090242468504293589e+06
1689    1.090721866483818972e+06
1690    1.091221027247235877e+06
1691    1.091535783469873015e+06
1692    1.090890667656710371e+06
1693    1.090824034029604401e+06
1694    1.090476139492308721e+06
1695    1.090438742628228618e+06
1696    1.090258591575653758e+06
1697    1.091060823682484915e+06
1698    1.090607445706063416e+06
1699    1.090962547222688096e+06
1700    1.091097965438993648e+06
1701    1.091606336906546960e+06
1702    1.092227189375507878e+06
1703    1.091585909897199366e+06
1704    1.090945332567525329e+06
1705    1.090606870528719854e+06
1706    1.091049831624488812e+06
1707    1.091079112255465006e+06
1708    1.092057337000904838e+06
1709    1.091602084126158850e+06
1710    1.091986245249714237e+06
1711    1.093079187815122772e+06
1712    1.092528650585332885e+06
1713    1.092988066035235999e+06
1714    1.092579208277729340e+06
1715    1.092774116214157781e+06
1716    1.094142544072470162e+06
1717    1.093505360131542897e+06
1718    1.094349845745496685e+06
1719    1.093855020532413619e+06
1720    1.093896390782975592e+06
1721    1.094408833410585532e+06
1722    1.093773383799627889e+06
1723    1.093240655735812616e+06
1724    1.093391780753729865e+06
1725    1.093167229331978131e+06
1726    1.092860543289093999e+06
1727    1.093111805666641099e+06
1728    1.092891891416953644e+06
1729    1.093593736282876227e+06
1730    1.092961780709498795e+06
1731    1.092540860604878748e+06
1732    1.092207378859672695e+06
1733    1.092087106205539312e+06
1734    1.091759840702402173e+06
1735    1.091130665879548527e+06
1736    1.090755748952765018e+06
1737    1.090692535451852949e+06
1738    1.091045670703074429e+06
1739    1.091103227627358399e+06
1740    1.091217477577146608e+06
1741    1.090590870021916693e+06
1742    1.091049164088877616e+06
1743    1.090674961175082717e+06
1744    1.093290212619771017e+06
1745    1.094183101654733997e+06
1746    1.093755191412723623e+06
1747    1.094033026788807940e+06
1748    1.095546023906399962e+06
1749    1.095859585540961707e+06
1750    1.095957001277507981e+06
1751    1.095496555711359950e+06
1752    1.094948367049808847e+06
1753    1.095790526041971752e+06
1754    1.095378221083643381e+06
1755    1.094831299012371572e+06
1756    1.095016280324261636e+06
1757    1.096206083984467899e+06
1758    1.096707147084538825e+06
1759    1.097934602260373998e+06
1760    1.097435084065652452e+06
1761    1.098345508476064540e+06
1762    1.098242765291075455e+06
1763    1.098264058862910839e+06
1764    1.098674279970123200e+06
1765    1.098848208081396995e+06
1766    1.098934512350922916e+06
1767    1.098352289613598492e+06
1768    1.098448474472210044e+06
1769    1.098323753454430029e+06
1770    1.098011055104888510e+06
1771    1.097810973683514167e+06
1772    1.097561442354397615e+06
1773    1.097309461958487984e+06
1774    1.098038844433848746e+06
1775    1.098481618772515794e+06
1776    1.097863085024221567e+06
1777    1.097798690997391241e+06
1778    1.097588779369123047e+06
1779    1.097714006839301437e+06
1780    1.097508735029605916e+06
1781    1.097620321443198714e+06
1782    1.097503209840573836e+06
1783    1.097165689968360821e+06
1784    1.097784182412457652e+06
1785    1.097169126181474188e+06
1786    1.096773190779941622e+06
1787    1.096726978669499746e+06
1788    1.097153110902144806e+06
1789    1.096662225223648129e+06
1790    1.096293488375016954e+06
1791    1.095943853599047055e+06
1792    1.095707849376788829e+06
1793    1.095516640296090394e+06
1794    1.096082440670717740e+06
1795    1.096026481554036960e+06
1796    1.096359254883148009e+06
1797    1.096049795448067132e+06
1798    1.095914835354902549e+06
1799    1.095386328202025732e+06
1800    1.095221603910424514e+06
1801    1.095405007059821161e+06
1802    1.095244124498501187e+06
1803    1.095317314049597830e+06
1804    1.094982012322456576e+06
1805    1.094849292701339582e+06
1806    1.094767105319620343e+06
1807    1.094959969066686928e+06
1808    1.094457474470936460e+06
1809    1.094247310735940235e+06
1810    1.094251505914430600e+06
1811    1.093764137509513646e+06
1812    1.093315333644754952e+06
1813    1.092750416023485130e+06
1814    1.092230826385499444e+06
1815    1.091952394035024103e+06
1816    1.091801717462407192e+06
1817    1.091457944755225908e+06
1818    1.090857512081644498e+06
1819    1.090335622625314398e+06
1820    1.089890981867945520e+06
1821    1.089797214829667937e+06
1822    1.089263269521355396e+06
1823    1.089312599960367894e+06
1824    1.088879749116237974e+06
1825    1.088725526825904613e+06
1826    1.088129232153641991e+06
1827    1.087533581378090428e+06
1828    1.087246083132916363e+06
1829    1.087313826200189069e+06
1830    1.086819251735910773e+06
1831    1.086433064666251652e+06
1832    1.086084953402595595e+06
1833    1.085575737422830891e+06
1834    1.084983770982314833e+06
1835    1.084639672382870223e+06
1836    1.085388686595286243e+06
1837    1.085002561029692180e+06
1838    1.085753479448763886e+06
1839    1.085669474690201459e+06
1840    1.085229581860190723e+06
1841    1.084727081438194495e+06
1842    1.084800598570375005e+06
1843    1.084655196708198171e+06
1844    1.084470886559742270e+06
1845    1.084189071012054337e+06
1846    1.084009651811594842e+06
1847    1.083791231403055601e+06
1848    1.083667707466060296e+06
1849    1.083381535711601377e+06
1850    1.082932523512231186e+06
1851    1.082959984314532019e+06
1852    1.082883943313613767e+06
1853    1.082514500680629630e+06
1854    1.082148488339195959e+06
1855    1.081565130222152220e+06
1856    1.080982407336208504e+06
1857    1.080552838145274203e+06
1858    1.080194197042203275e+06
1859    1.079795432113439543e+06
1860    1.079408072199831484e+06
1861    1.079025525503064739e+06
1862    1.078468144180712290e+06
1863    1.077978159361468395e+06
1864    1.078063037711940473e+06
1865    1.077534646444187267e+06
1866    1.077064092826582957e+06
1867    1.076960261829945259e+06
1868    1.077139272383524571e+06
1869    1.076907712667026557e+06
1870    1.076756878703693161e+06
1871    1.076359938232990680e+06
1872    1.076668697445681551e+06
1873    1.076567228068325436e+06
1874    1.076438056855967036e+06
1875    1.075957999230773654e+06
1876    1.075531879341109889e+06
1877    1.075535738703325158e+06
1878    1.075750147667971905e+06
1879    1.076043430827568518e+06
1880    1.075615539354835404e+06
1881    1.075119604281998007e+06
1882    1.074932794338224223e+06
1883    1.075149533595618559e+06
1884    1.074745646500152303e+06
1885    1.074507105399860302e+06
1886    1.074120912228317000e+06
1887    1.073902596511178650e+06
1888    1.073402727524269372e+06
1889    1.072985528132472187e+06
1890    1.072460060408614110e+06
1891    1.072093580516101327e+06
1892    1.071883330037381966e+06
1893    1.071502176674496848e+06
1894    1.071457147417478496e+06
1895    1.071179360856378218e+06
1896    1.070710305334148230e+06
1897    1.070441910431634868e+06
1898    1.069905807547639823e+06
1899    1.069768795702094445e+06
1900    1.069717807951935101e+06
1901    1.069155050091348123e+06
1902    1.069054147742531728e+06
1903    1.068816978567597456e+06
1904    1.068472410419246648e+06
1905    1.068430839114431757e+06
1906    1.068287164330123924e+06
1907    1.067730758685225388e+06
1908    1.067173008359499741e+06
1909    1.067055219228648348e+06
1910    1.066740950213539414e+06
1911    1.066738197159982054e+06
1912    1.066817922175392741e+06
1913    1.066517097907901509e+06
1914    1.066081517642492661e+06
1915    1.065980863819330465e+06
1916    1.065596627003400354e+06
1917    1.065777149624338606e+06
1918    1.065275354343124665e+06
1919    1.065083144867570139e+06
1920    1.064822897001367528e+06
1921    1.064369289660551352e+06
1922    1.064251540796313668e+06
1923    1.064677009829973802e+06
1924    1.064607958226191578e+06
1925    1.064272896861292887e+06
1926    1.064051045258336933e+06
1927    1.063498811497578165e+06
1928    1.063124770344199613e+06
1929    1.062779514810504857e+06
1930    1.062260043801461579e+06
1931    1.062171418334555114e+06
1932    1.061803893627227983e+06
1933    1.061428850640457356e+06
1934    1.060968766647990793e+06
1935    1.060420423038335284e+06
1936    1.060000304598425282e+06
1937    1.059886774407967459e+06
1938    1.059677032006451627e+06
1939    1.059130499068206642e+06
1940    1.058698136018651305e+06
1941    1.058507076546359807e+06
1942    1.058039880008143606e+06
1943    1.057793846532853320e+06
1944    1.057249696641227230e+06
1945    1.056706102708563907e+06
1946    1.056509615454142680e+06
1947    1.056303949953146745e+06
1948    1.055940270127099473e+06
1949    1.055470510256572627e+06
1950    1.054929279338352149e+06
1951    1.054798260747740045e+06
1952    1.054428251952859806e+06
1953    1.053888408625637414e+06
1954    1.053406163452594541e+06
1955    1.052932243513043271e+06
1956    1.052393976527882740e+06
1957    1.052087262092864607e+06
1958    1.051549953863454284e+06
1959    1.051177606414999347e+06
1960    1.050641298665687907e+06
1961    1.050105533604228636e+06
1962    1.049748570743470453e+06
1963    1.049213800096264808e+06
1964    1.048721595247664256e+06
1965    1.048547316355182324e+06
1966    1.048091424242270412e+06
1967    1.047612378271453548e+06
1968    1.047080044351412216e+06
1969    1.047086266286710510e+06
1970    1.046781992495875806e+06
1971    1.046423686463771272e+06
1972    1.046120877545731026e+06
1973    1.045706171529603307e+06
1974    1.045388748307462432e+06
1975    1.044932981715676375e+06
1976    1.045318379562047543e+06
1977    1.044789652668973082e+06
1978    1.044476011658362928e+06
1979    1.043948240227196598e+06
1980    1.043621099165578024e+06
1981    1.043094288056595949e+06
1982    1.042670921920753317e+06
1983    1.042224386109579937e+06
1984    1.041985229195808875e+06
1985    1.041460337669451023e+06
1986    1.041129780649860506e+06
1987    1.040749419718419784e+06
1988    1.040715781445298693e+06
1989    1.040899813208312145e+06
1990    1.040640659394006361e+06
1991    1.040519248538521235e+06
1992    1.040012729156611138e+06
1993    1.039503115174870472e+06
1994    1.039059653976315982e+06
1995    1.039248407563400571e+06
1996    1.039162444052109611e+06
1997    1.038815739044363843e+06
1998    1.038667516440857667e+06
1999    1.038564020989372861e+06
2000    1.038466086456046673e+06
