1       0.000000000000000000e+00
2       0.000000000000000000e+00
3       0.000000000000000000e+00
4       0.000000000000000000e+00
5       0.000000000000000000e+00
6       0.000000000000000000e+00
7       0.000000000000000000e+00
8       0.000000000000000000e+00
9       0.000000000000000000e+00
10      0.000000000000000000e+00
11      0.000000000000000000e+00
12      0.000000000000000000e+00
13      0.000000000000000000e+00
14      0.000000000000000000e+00
15      0.000000000000000000e+00
16      0.000000000000000000e+00
17      0.000000000000000000e+00
18      0.000000000000000000e+00
19      0.000000000000000000e+00
20      0.000000000000000000e+00
21      0.000000000000000000e+00
22      0.000000000000000000e+00
23      0.000000000000000000e+00
24      0.000000000000000000e+00
25      0.000000000000000000e+00
26      0.000000000000000000e+00
27      0.000000000000000000e+00
28      0.000000000000000000e+00
29      0.000000000000000000e+00
30      0.000000000000000000e+00
31      0.000000000000000000e+00
32      0.000000000000000000e+00
33      0.000000000000000000e+00
34      0.000000000000000000e+00
35      0.000000000000000000e+00
36      0.000000000000000000e+00
37      0.000000000000000000e+00
38      0.000000000000000000e+00
39      0.000000000000000000e+00
40      0.000000000000000000e+00
41      0.000000000000000000e+00
42      0.000000000000000000e+00
43      0.000000000000000000e+00
44      0.000000000000000000e+00
45      0.000000000000000000e+00
46      0.000000000000000000e+00
47      0.000000000000000000e+00
48      0.000000000000000000e+00
49      0.000000000000000000e+00
50      0.000000000000000000e+00
51      0.000000000000000000e+00
52      0.000000000000000000e+00
53      0.000000000000000000e+00
54      0.000000000000000000e+00
55      0.000000000000000000e+00
56      0.000000000000000000e+00
57      0.000000000000000000e+00
58      0.000000000000000000e+00
59      0.000000000000000000e+00
60      0.000000000000000000e+00
61      1.417916430081455903e-01
62      5.389010336015110925e-01
63      5.303470489634525276e-01
64      7.106251214354969425e-01
65      1.090127415612364148e+00
66      1.073610333647955661e+00
67      1.057586298932531532e+00
68      1.042033559338568782e+00
69      1.026931623791087267e+00
70      1.368408860791255233e+00
71      1.349135496765926368e+00
72      2.253853105147289870e+00
73      4.183222546453778001e+00
74      4.126692512687613501e+00
75      4.570269061191404525e+00
76      4.510133942481443725e+00
77      4.451560775169720152e+00
78      5.106499348333611188e+00
79      5.398366781922750768e+00
80      5.330887198134873550e+00
81      5.265073777049789072e+00
82      5.200865561210098242e+00
83      5.138204531262506869e+00
84      5.077035430284944972e+00
85      5.017305602281244781e+00
86      4.958964840066144575e+00
87      4.901965244758606843e+00
88      4.846261094662549951e+00
89      4.791808723557829275e+00
90      4.738566405468619180e+00
91      6.766501703899400866e+00
92      6.692952773088765461e+00
93      6.620985540310495132e+00
94      6.550549526167103842e+00
95      1.065258426171054751e+01
96      1.519375176071956801e+01
97      2.101900084092835286e+01
98      2.935452418249391826e+01
99      3.314464791486703632e+01
100     3.503271748994383472e+01
101     3.724203790751647603e+01
102     3.896748490663917153e+01
103     4.524030727916106542e+01
104     6.965872679181283900e+01
105     9.909108135345663015e+01
106     1.105814825679844375e+02
107     1.261511937201505873e+02
108     1.284232366211454632e+02
109     1.512507445650728926e+02
110     2.020889882414078897e+02
111     2.713437347118461958e+02
112     3.390068552490635625e+02
113     4.473843209736079416e+02
114     5.507265739417192663e+02
115     6.126564956042544736e+02
116     6.405756483889648507e+02
117     7.601177792572749468e+02
118     8.390899974956934102e+02
119     9.210450863516899744e+02
120     9.485602950762394130e+02
121     1.043316242364108348e+03
122     1.203847354642332903e+03
123     1.269540440813622808e+03
124     1.385264513989120360e+03
125     1.393120432252085493e+03
126     1.496881891555269704e+03
127     1.532407247829313974e+03
128     1.611629568393216232e+03
129     1.620943815825638012e+03
130     1.710633297558746563e+03
131     1.922986975575762926e+03
132     1.990790523996744469e+03
133     2.217604964912765809e+03
134     2.279366165869540055e+03
135     2.289348249429594944e+03
136     2.338579942907866098e+03
137     2.405185180808275163e+03
138     2.455405965002503308e+03
139     2.636714981538270422e+03
140     2.622499719830288086e+03
141     2.637031383498939704e+03
142     2.904015787100003763e+03
143     2.938993059206016824e+03
144     3.225846425611476207e+03
145     3.407144066399076110e+03
146     3.383807490404649798e+03
147     3.444415235148499505e+03
148     3.588119161994843125e+03
149     3.689233101418091337e+03
150     3.918043154722246527e+03
151     4.300830955572349012e+03
152     4.354780159093881593e+03
153     4.326317620851816173e+03
154     4.344018201538848189e+03
155     4.593129084534258254e+03
156     4.563686078129402631e+03
157     4.660039881517611320e+03
158     4.974355147438935091e+03
159     5.059377355011992222e+03
160     5.299495772207110349e+03
161     5.574542706196593826e+03
162     5.610629623526453543e+03
163     5.599283661766720797e+03
164     5.565141761749749094e+03
165     5.669338697994890026e+03
166     5.635186063859126079e+03
167     5.601442427081908136e+03
168     5.568100493357373125e+03
169     5.660927574252301383e+03
170     5.709367346895076480e+03
171     5.768885967451617944e+03
172     6.120320495323992873e+03
173     6.130859254104389038e+03
174     6.380027236196939157e+03
175     6.497798984669557285e+03
176     6.460879660631272600e+03
177     6.959350686200764358e+03
178     7.152441510980183921e+03
179     7.761228201328004616e+03
180     7.973010415773809655e+03
181     8.130248467264067585e+03
182     9.228432120735560602e+03
183     9.178003674296194731e+03
184     9.793387184504776087e+03
185     1.066003339720268741e+04
186     1.082286118205804087e+04
187     1.152930345123113875e+04
188     1.183278044806701109e+04
189     1.236893792068862604e+04
190     1.256788339372516202e+04
191     1.284428882332345711e+04
192     1.295625886156468368e+04
193     1.296602768586478487e+04
194     1.289919256328396659e+04
195     1.320080724022653703e+04
196     1.435445673392696517e+04
197     1.504302317630174184e+04
198     1.512954992363448946e+04
199     1.642249462091559690e+04
200     1.634038254777642032e+04
201     1.688580866588466597e+04
202     1.750009980687509233e+04
203     1.836281561719913225e+04
204     1.918910609077636400e+04
205     2.057911770890208209e+04
206     2.103385968598695035e+04
207     2.110412930466472972e+04
208     2.114179792624021502e+04
209     2.135799174321253668e+04
210     2.202123667376859157e+04
211     2.212091081121020397e+04
212     2.220357715499372352e+04
213     2.217531371719378512e+04
214     2.248795527920650420e+04
215     2.314153868216496994e+04
216     2.405945850581438935e+04
217     2.500600248617677426e+04
218     2.489129885992849449e+04
219     2.513604836171612988e+04
220     2.524424454287761910e+04
221     2.607359401567733221e+04
222     2.720199046392905439e+04
223     2.722545494586082714e+04
224     2.777908133755406743e+04
225     2.882069199083942658e+04
226     2.899398290351679316e+04
227     2.967671795166943048e+04
228     3.060441797557883547e+04
229     3.261182842439630258e+04
230     3.333190168073763925e+04
231     3.541428365295552794e+04
232     3.575277192782379279e+04
233     3.559933259868833557e+04
234     3.565564666024536564e+04
235     3.586470391438023216e+04
236     3.640315493998640886e+04
237     3.624955848911852081e+04
238     3.615469289611808927e+04
239     3.647789180448325351e+04
240     3.687747525927046081e+04
241     3.945333208175533946e+04
242     4.041062406781699246e+04
243     4.024433074731194210e+04
244     4.151018503894977039e+04
245     4.134076102252572309e+04
246     4.223147692122195440e+04
247     4.344417036520377587e+04
248     4.326899955396137375e+04
249     4.430933445977052907e+04
250     4.425499540433186485e+04
251     4.566219933003048936e+04
252     4.584675391684155329e+04
253     4.658344322306910908e+04
254     5.168911773054004152e+04
255     5.299955897939535498e+04
256     5.522187133335683029e+04
257     5.541968954555347591e+04
258     5.694442378438597370e+04
259     5.809327738987056364e+04
260     5.796979732278828305e+04
261     5.836835949242106290e+04
262     5.876043056777759193e+04
263     5.875716328643747693e+04
264     5.867103505350258638e+04
265     5.919947227012842632e+04
266     6.101908756081511092e+04
267     6.079055300690464355e+04
268     6.173020722689303511e+04
269     6.246335847802776698e+04
270     6.249843505983085197e+04
271     6.311807953778940282e+04
272     6.321907400810926629e+04
273     6.326793955045192706e+04
274     6.303703372861147363e+04
275     6.292260677918198053e+04
276     6.308687720093813550e+04
277     6.360843409196790162e+04
278     6.457816588696590043e+04
279     6.488170696431483520e+04
280     6.565817870046375901e+04
281     6.634350701999280136e+04
282     6.770507598286372377e+04
283     6.792735380054081907e+04
284     6.794845488665006997e+04
285     6.791767919046188763e+04
286     6.791685247825444094e+04
287     6.768020622240114608e+04
288     6.836924331933696521e+04
289     6.831608932748876396e+04
290     6.887890569822123507e+04
291     6.870981939419209084e+04
292     6.909624397209071321e+04
293     6.924406670431331440e+04
294     6.965405523716605967e+04
295     6.963950467239614227e+04
296     6.960008942605654011e+04
297     6.970514179752819473e+04
298     7.003355049429583596e+04
299     7.013000438917573774e+04
300     7.044559489507120452e+04
301     7.068451346991826722e+04
302     7.066203433924129058e+04
303     7.123630914591635519e+04
304     7.110225217354334018e+04
305     7.101724288834932668e+04
306     7.133686372709466377e+04
307     7.219112889256191556e+04
308     7.280190411982630030e+04
309     7.265060852121726202e+04
310     7.279758122283178091e+04
311     7.283384302842471516e+04
312     7.261836513359133096e+04
313     7.254660002529415942e+04
314     7.255483976926909236e+04
315     7.253752911891370604e+04
316     7.242837770677817753e+04
317     7.229113180105194624e+04
318     7.260242762631736696e+04
319     7.257250884757380118e+04
320     7.242384752283983107e+04
321     7.219822658811339352e+04
322     7.232190820275823353e+04
323     7.290294338250345027e+04
324     7.276663858389113739e+04
325     7.288139115639851661e+04
326     7.304161188735225005e+04
327     7.316228741883370094e+04
328     7.308433813727182860e+04
329     7.308409103629979654e+04
330     7.299333089281219873e+04
331     7.277280698986197240e+04
332     7.281721137744457519e+04
333     7.262671982874005334e+04
334     7.285147252111903799e+04
335     7.288592749945334799e+04
336     7.271337464159054798e+04
337     7.271919230855505157e+04
338     7.257119816926833300e+04
339     7.235712317569114384e+04
340     7.214430727325138287e+04
341     7.263468591311899945e+04
342     7.264287056233700423e+04
343     7.278006666845206928e+04
344     7.272976092633837834e+04
345     7.256987883832660737e+04
346     7.241300925386416202e+04
347     7.249513276842156483e+04
348     7.236587842480467225e+04
349     7.229644442483744933e+04
350     7.208988455289363628e+04
351     7.197085662001211313e+04
352     7.176639480261754943e+04
353     7.156309082273782406e+04
354     7.140805482462604414e+04
355     7.137405547478304652e+04
356     7.166353821985182003e+04
357     7.161044293149573787e+04
358     7.152543501422629924e+04
359     7.145943139803640952e+04
360     7.135259842589581967e+04
361     7.129586505460274930e+04
362     7.110588245351368096e+04
363     7.090999767160810006e+04
364     7.098790752924907429e+04
365     7.079341931232131901e+04
366     7.063029203674942255e+04
367     7.053270491664850852e+04
368     7.052220083723230346e+04
369     7.052622812808176968e+04
370     7.047433295906796411e+04
371     7.063966325081077230e+04
372     7.057076111463164852e+04
373     7.071257947131061519e+04
374     7.056114263010934519e+04
375     7.044502342942867836e+04
376     7.031973240296993754e+04
377     7.025819509035887313e+04
378     7.013842138936911942e+04
379     7.008265497774889809e+04
380     6.989822583589659189e+04
381     6.978567790205658821e+04
382     6.960299177375689032e+04
383     6.945083705082831148e+04
384     6.936593015115597518e+04
385     6.928084749333985383e+04
386     6.911555587306243251e+04
387     6.908269980256354029e+04
388     6.890465044119405502e+04
389     6.888646889637772983e+04
390     6.896152478491973307e+04
391     6.894949610139107972e+04
392     6.899872048952484329e+04
393     6.898169919648632640e+04
394     6.885200781599000038e+04
395     6.871308464957973047e+04
396     6.853956552569218911e+04
397     6.840611679983627982e+04
398     6.830543536068359390e+04
399     6.813424282111543289e+04
400     6.796390606826914882e+04
401     6.791548475427443918e+04
402     6.776465173645736650e+04
403     6.763081432170710468e+04
404     6.755257067471991468e+04
405     6.740691894443370984e+04
406     6.729936711859786010e+04
407     6.719615393194394710e+04
408     6.704850132733523787e+04
409     6.689023507268387766e+04
410     6.681034394995581533e+04
411     6.666411200068957987e+04
412     6.650230464955585194e+04
413     6.634128082803492725e+04
414     6.620070009311204194e+04
415     6.620616904109741154e+04
416     6.611105874892541033e+04
417     6.597597495317217545e+04
418     6.588045328424652689e+04
419     6.581367746498920314e+04
420     6.568839407551351178e+04
421     6.580343095692027418e+04
422     6.571527922027729801e+04
423     6.563714631301596819e+04
424     6.558768978468979185e+04
425     6.546873913477671158e+04
426     6.536953010032022576e+04
427     6.537337216076107870e+04
428     6.541032183381198411e+04
429     6.536550801782152121e+04
430     6.535838312459600274e+04
431     6.530222401088297192e+04
432     6.515106108410195156e+04
433     6.526294889514589158e+04
434     6.525088326112528011e+04
435     6.516051819305268145e+04
436     6.507649935997984721e+04
437     6.499486237892103964e+04
438     6.489744946351282852e+04
439     6.477728590072359657e+04
440     6.471460215987812990e+04
441     6.471044157638340403e+04
442     6.464472531899333990e+04
443     6.458626961389951612e+04
444     6.454629606573947967e+04
445     6.443744779468553315e+04
446     6.436836654807149171e+04
447     6.434905379733565496e+04
448     6.423563009773720114e+04
449     6.416453071302240278e+04
450     6.409610836495392141e+04
451     6.399143522765320813e+04
452     6.390476719375768880e+04
453     6.378454841439018492e+04
454     6.371366303736859118e+04
455     6.361927109843061771e+04
456     6.348560374756623787e+04
457     6.339801478205971944e+04
458     6.334684817373102851e+04
459     6.329758212390673725e+04
460     6.329905933567229658e+04
461     6.328844086099262495e+04
462     6.317496599064370821e+04
463     6.303851835248036514e+04
464     6.304065008566666074e+04
465     6.297973335283024790e+04
466     6.284458280225837370e+04
467     6.279400842935541732e+04
468     6.270548173135035177e+04
469     6.257178037810971000e+04
470     6.249123680882086046e+04
471     6.235855799917312106e+04
472     6.223085568928147404e+04
473     6.211250332090519805e+04
474     6.203133271315973252e+04
475     6.191552807193261106e+04
476     6.187854610754099849e+04
477     6.174882079283312487e+04
478     6.179084932447641768e+04
479     6.166184895194110868e+04
480     6.156611838443427405e+04
481     6.147311124390015902e+04
482     6.153332235267285432e+04
483     6.143291028746260417e+04
484     6.147029039389905665e+04
485     6.141773223927940853e+04
486     6.138829499703783222e+04
487     6.138416375383939157e+04
488     6.133913397075446846e+04
489     6.130959419193670328e+04
490     6.118447176099380158e+04
491     6.105985899701399467e+04
492     6.103523912153096171e+04
493     6.092660648917951767e+04
494     6.084322154911680991e+04
495     6.085136902854096115e+04
496     6.094794342908823455e+04
497     6.090603726388420910e+04
498     6.082676060521126783e+04
499     6.072650859501516243e+04
500     6.078000528029053385e+04
501     6.082290835362308280e+04
502     6.078053087976686220e+04
503     6.065969444472349278e+04
504     6.091330059507183614e+04
505     6.102490747199083125e+04
506     6.103900864464994811e+04
507     6.110124500493715459e+04
508     6.098096651821593696e+04
509     6.094625034603331005e+04
510     6.082674775507341838e+04
511     6.082086105731914722e+04
512     6.082915459758954967e+04
513     6.097072361770622229e+04
514     6.105145825145747222e+04
515     6.105299437063881487e+04
516     6.107851651837315876e+04
517     6.129563279346282070e+04
518     6.122864144127318286e+04
519     6.141016309144820116e+04
520     6.136681112253401079e+04
521     6.139520685503000277e+04
522     6.146496651458540873e+04
523     6.142783514323959389e+04
524     6.148889045011885173e+04
525     6.155474309962020197e+04
526     6.148296348720695096e+04
527     6.152659195154828194e+04
528     6.159965947419591976e+04
529     6.162498251482316118e+04
530     6.164227659160744224e+04
531     6.167819395402888767e+04
532     6.186627651166917349e+04
533     6.204836926383915852e+04
534     6.242249826301480789e+04
535     6.236644118209083535e+04
536     6.245011243534401001e+04
537     6.236944171783472848e+04
538     6.228976024813508411e+04
539     6.217419432956910168e+04
540     6.233857679553241906e+04
541     6.225579844774846424e+04
542     6.254805959258043004e+04
543     6.259726106866114424e+04
544     6.283644125062756939e+04
545     6.274584276168497308e+04
546     6.280135672123709810e+04
547     6.283516448799064528e+04
548     6.302716403599956539e+04
549     6.291236043286858330e+04
550     6.300935080609244324e+04
551     6.291977793670984829e+04
552     6.324245698297087074e+04
553     6.339618931835267722e+04
554     6.427062529382079811e+04
555     6.427375138109565160e+04
556     6.439306502416704461e+04
557     6.465408236602165562e+04
558     6.467520176000206993e+04
559     6.476686431876869756e+04
560     6.482963946369820042e+04
561     6.490415349832091306e+04
562     6.500580534229716432e+04
563     6.512672505720883782e+04
564     6.513542980273143621e+04
565     6.520289605554738955e+04
566     6.514100910356262466e+04
567     6.512270384692346852e+04
568     6.533349726993239165e+04
569     6.551771905330668233e+04
570     6.605188445352624694e+04
571     6.610919321398886677e+04
572     6.628517842817372002e+04
573     6.616949686185081373e+04
574     6.605421855431077711e+04
575     6.611117517784783558e+04
576     6.620024339914821030e+04
577     6.632437191488596727e+04
578     6.638756658328849880e+04
579     6.646711950050937594e+04
580     6.657952269914609496e+04
581     6.646492732765125402e+04
582     6.635072582053243241e+04
583     6.651793726813068497e+04
584     6.640403625177244248e+04
585     6.693763148367215763e+04
586     6.682340383540488256e+04
587     6.714434051061898936e+04
588     6.718588044416441699e+04
589     6.731224763736907335e+04
590     6.735883118157982244e+04
591     6.749762378697385429e+04
592     6.788112490988502395e+04
593     6.822216565849479230e+04
594     6.832333223013090901e+04
595     6.834289710525197734e+04
596     6.842077672005812929e+04
597     6.860360419831791660e+04
598     6.879913340698948014e+04
599     6.916110878844727995e+04
600     6.968638877963580308e+04
601     6.960589556881801400e+04
602     7.072126188555503904e+04
603     7.060397864564330666e+04
604     7.099651936730675516e+04
605     7.187464138924331928e+04
606     7.207783588064566720e+04
607     7.332276694350020261e+04
608     7.332499137505081308e+04
609     7.490274109983781818e+04
610     7.543000882999417081e+04
611     7.535714570587189519e+04
612     7.645634585441743548e+04
613     7.732571927412359219e+04
614     7.895154171403973305e+04
615     7.926617624938616063e+04
616     7.922450165027190815e+04
617     8.028216367326160253e+04
618     8.015226095950097078e+04
619     8.074499837439220573e+04
620     8.136158395716286032e+04
621     8.299452793620336161e+04
622     8.349999586440106214e+04
623     8.395429352168145124e+04
624     8.468729581514353049e+04
625     8.581227873725720565e+04
626     8.656626398205189616e+04
627     8.642821059476416849e+04
628     8.739425222753311391e+04
629     8.840416911492348299e+04
630     8.845116875653582974e+04
631     8.845374800899079128e+04
632     8.831380604051021510e+04
633     8.878119964290017379e+04
634     9.092598033384126029e+04
635     9.245019122792201233e+04
636     9.320918066943215672e+04
637     9.306288302282818768e+04
638     9.605229618004595977e+04
639     9.714265859345263743e+04
640     9.894411636305498541e+04
641     9.933078219389208243e+04
642     1.008593409934115625e+05
643     1.039167161079985817e+05
644     1.044253908752702409e+05
645     1.047419499056640925e+05
646     1.045972577247297304e+05
647     1.057122340360759699e+05
648     1.057557907556059508e+05
649     1.074722393943274801e+05
650     1.081398695498538000e+05
651     1.079737914190400188e+05
652     1.097398054399615212e+05
653     1.106766750781782903e+05
654     1.118069120292238658e+05
655     1.119127262114369951e+05
656     1.124662577395465487e+05
657     1.124295039698746987e+05
658     1.137972422886731365e+05
659     1.147854825482377637e+05
660     1.160580096492717275e+05
661     1.176212366496654722e+05
662     1.174436004177860450e+05
663     1.186773140363177808e+05
664     1.208471270643798634e+05
665     1.214474565493297996e+05
666     1.218752517626134650e+05
667     1.216925690848132363e+05
668     1.215104230935421365e+05
669     1.227489955294935207e+05
670     1.225658180974340357e+05
671     1.268166776698819303e+05
672     1.269454853216635820e+05
673     1.281319335210678983e+05
674     1.289826153280058061e+05
675     1.309883151320997422e+05
676     1.314949585870092269e+05
677     1.341851093261099595e+05
678     1.367840682150555658e+05
679     1.382929886470504571e+05
680     1.404610573493623524e+05
681     1.422215424121647957e+05
682     1.429000414358559356e+05
683     1.440177573441956192e+05
684     1.443201837768793048e+05
685     1.462330850663320743e+05
686     1.466825206076584873e+05
687     1.467734939776271349e+05
688     1.470911708815170568e+05
689     1.468777051260662847e+05
690     1.474061004381046805e+05
691     1.477015984131583828e+05
692     1.484099840901545831e+05
693     1.483613450621585653e+05
694     1.507322653614172305e+05
695     1.514885321185845241e+05
696     1.516004077486823080e+05
697     1.524891943751421059e+05
698     1.537099712294417841e+05
699     1.534900972005010990e+05
700     1.556621759818660794e+05
701     1.561621063360025873e+05
702     1.565951181103817362e+05
703     1.563723872507860942e+05
704     1.576147762313556450e+05
705     1.596580188965787529e+05
706     1.604521732066125551e+05
707     1.609640335235751991e+05
708     1.618647783271875815e+05
709     1.630147392287754337e+05
710     1.639586358762331947e+05
711     1.645501349351369718e+05
712     1.643190478715330828e+05
713     1.640886125333690725e+05
714     1.646597291778133076e+05
715     1.644294748243155191e+05
716     1.644995435771298071e+05
717     1.646368158897314279e+05
718     1.646024241728950583e+05
719     1.654190366105150315e+05
720     1.667309109247096640e+05
721     1.670569852286322275e+05
722     1.680657463142802881e+05
723     1.691630326402143983e+05
724     1.691312552002999000e+05
725     1.702988496287262824e+05
726     1.704273566809234617e+05
727     1.701929789233632328e+05
728     1.701437990989949612e+05
729     1.712779838162551750e+05
730     1.726026264060456597e+05
731     1.723665497729307390e+05
732     1.733386728192686278e+05
733     1.734870066887447902e+05
734     1.740349568212700833e+05
735     1.745882803311909665e+05
736     1.745333550974881509e+05
737     1.748547805856860359e+05
738     1.750714302305528545e+05
739     1.759856817693532503e+05
740     1.766319340028539009e+05
741     1.765264886176991276e+05
742     1.775210947217339708e+05
743     1.781873576459528122e+05
744     1.781145869251204131e+05
745     1.788049679907266109e+05
746     1.785653163640043349e+05
747     1.783263050161923456e+05
748     1.780879392808739503e+05
749     1.780232909468922880e+05
750     1.777859586702026136e+05
751     1.781678474884164752e+05
752     1.779309610395841009e+05
753     1.778779973639265809e+05
754     1.777294686527336598e+05
755     1.780097943184758769e+05
756     1.788590162565266364e+05
757     1.792076973706129647e+05
758     1.790732127052427677e+05
759     1.792143928087684035e+05
760     1.790652835932774469e+05
761     1.788300278700937924e+05
762     1.811657665986251377e+05
763     1.809283699378204183e+05
764     1.806915834915464220e+05
765     1.807343000814316620e+05
766     1.864455897207989765e+05
767     1.862025408389882650e+05
768     1.859601130348178558e+05
769     1.870460435137567401e+05
770     1.876379287576904462e+05
771     1.873945735963460465e+05
772     1.886613350544114655e+05
773     1.890259968784748053e+05
774     1.887817936460791680e+05
775     1.895537975275623903e+05
776     1.899490679849582084e+05
777     1.904064985768615443e+05
778     1.904005970204032783e+05
779     1.919487217119574489e+05
780     1.935353707374620135e+05
781     1.939851163346313988e+05
782     1.952158122973319551e+05
783     1.971652936750817171e+05
784     1.978972190212327114e+05
785     1.978708462432229426e+05
786     1.979785706681182783e+05
787     1.977270377620740037e+05
788     1.986495082263083896e+05
789     2.001600332339543093e+05
790     2.002401581752459460e+05
791     1.999870484901500458e+05
792     2.011064075591192814e+05
793     2.015272273511640087e+05
794     2.019480157859658939e+05
795     2.029326828398078796e+05
796     2.031145694298270391e+05
797     2.040979599832926178e+05
798     2.038421866189560678e+05
799     2.046815768361281371e+05
800     2.049981165080549545e+05
801     2.058361425495280419e+05
802     2.089088870273282228e+05
803     2.090454909921086801e+05
804     2.094388248401474557e+05
805     2.127707901744499686e+05
806     2.128230792799630726e+05
807     2.133852102712799388e+05
808     2.154181326226080128e+05
809     2.156950954135212523e+05
810     2.174566983392223192e+05
811     2.184950262491997273e+05
812     2.203296893688529381e+05
813     2.204945276134246087e+05
814     2.205268236885981460e+05
815     2.215252730198058998e+05
816     2.233311641180032457e+05
817     2.240696277494464011e+05
818     2.247369717438246589e+05
819     2.250038334950885328e+05
820     2.249035370046470489e+05
821     2.259430183129355428e+05
822     2.258852787426682771e+05
823     2.260248420076922630e+05
824     2.266956176425767189e+05
825     2.268564689871171431e+05
826     2.273191552763323416e+05
827     2.294998932280770678e+05
828     2.318046798476711847e+05
829     2.330719405689816631e+05
830     2.342967989968378679e+05
831     2.353412475485705072e+05
832     2.372180985642974265e+05
833     2.399245013997451169e+05
834     2.408155374299038376e+05
835     2.434954341789494501e+05
836     2.436640256861122325e+05
837     2.441652648933303717e+05
838     2.460438862182435114e+05
839     2.493153913470823318e+05
840     2.511621849627054180e+05
841     2.531167057269059296e+05
842     2.536593423738883284e+05
843     2.537404338633847365e+05
844     2.561808515587987204e+05
845     2.583903798391292512e+05
846     2.611968976380434178e+05
847     2.644721522948262864e+05
848     2.661284862180700875e+05
849     2.671454644679964986e+05
850     2.675645544396713376e+05
851     2.693412605086727417e+05
852     2.693639950268951943e+05
853     2.694005940400172840e+05
854     2.708562636124741985e+05
855     2.705394916761658387e+05
856     2.706409447083395789e+05
857     2.703921250904400949e+05
858     2.730062087466330267e+05
859     2.735344812865051208e+05
860     2.752687109229798662e+05
861     2.755334423415404162e+05
862     2.790113416885900660e+05
863     2.805037843090945389e+05
864     2.809580137080022250e+05
865     2.806332121685679303e+05
866     2.814673027209155262e+05
867     2.817854536705988576e+05
868     2.822244179162642104e+05
869     2.834614246225852985e+05
870     2.831355923826248036e+05
871     2.851146700737885549e+05
872     2.856258393757367157e+05
873     2.869300417680275277e+05
874     2.866017430009686504e+05
875     2.872502072773932014e+05
876     2.880145169323020382e+05
877     2.891509970613340847e+05
878     2.890959791446430027e+05
879     2.898682324991317000e+05
880     2.905708788668243797e+05
881     2.925949569409894175e+05
882     2.922632173834653804e+05
883     2.925796456552463351e+05
884     2.968630672810886754e+05
885     2.975465575770159485e+05
886     2.997220080718322424e+05
887     2.993841145093706436e+05
888     3.003519753995597130e+05
889     3.010847817819034099e+05
890     3.018461988807140733e+05
891     3.046341950111016631e+05
892     3.046337871451438987e+05
893     3.068658665322862216e+05
894     3.074740174514855025e+05
895     3.093486057977293967e+05
896     3.099302302311846870e+05
897     3.106003840317283757e+05
898     3.117406712602397311e+05
899     3.122762649846666609e+05
900     3.131089073554433999e+05
901     3.150297972212245222e+05
902     3.149858594096547458e+05
903     3.153651277155534481e+05
904     3.157513241188672255e+05
905     3.161828034312231466e+05
906     3.177702622349521844e+05
907     3.178573791965178098e+05
908     3.186617435973927495e+05
909     3.189929276156670530e+05
910     3.207516592044223798e+05
911     3.214382629064390203e+05
912     3.221185109959803522e+05
913     3.217656915062802727e+05
914     3.214136387471469934e+05
915     3.212789677681736648e+05
916     3.236761374760819599e+05
917     3.237201974040520145e+05
918     3.237476411476735375e+05
919     3.255131841454795795e+05
920     3.275322308805088396e+05
921     3.274840653654455673e+05
922     3.283023022645785240e+05
923     3.298835749823816004e+05
924     3.320283768927804776e+05
925     3.325704029449587688e+05
926     3.339429581604749546e+05
927     3.357108776073978515e+05
928     3.358642261518615996e+05
929     3.390767144257545588e+05
930     3.394516977722309530e+05
931     3.423769366537494934e+05
932     3.420096520416631247e+05
933     3.444312571010926040e+05
934     3.494946785745787784e+05
935     3.491209288831782760e+05
936     3.494808135737937992e+05
937     3.496245838789147674e+05
938     3.509085502368391026e+05
939     3.524829668882701080e+05
940     3.521079900995531934e+05
941     3.526118501928551123e+05
942     3.522375162149297539e+05
943     3.581260679136972758e+05
944     3.577467448734586360e+05
945     3.577693361449184013e+05
946     3.601929504199076910e+05
947     3.614627394589566393e+05
948     3.659894194660189096e+05
949     3.661693687758342130e+05
950     3.686648370548266685e+05
951     3.720784712620859500e+05
952     3.744111100189753342e+05
953     3.799009117086250917e+05
954     3.814089912664981675e+05
955     3.841433844297517790e+05
956     3.855082686182242469e+05
957     3.863365572216127184e+05
958     3.863097426101749879e+05
959     3.866075116053179954e+05
960     3.871683322849221295e+05
961     3.867654460951245273e+05
962     3.894429293543603853e+05
963     3.896078818034852738e+05
964     3.909984042416682933e+05
965     3.907711369354542112e+05
966     3.917060579810541240e+05
967     3.933601090792047326e+05
968     3.954686303733573877e+05
969     3.962595451195862843e+05
970     3.992910077879179153e+05
971     4.011845546544880490e+05
972     4.056412749437160674e+05
973     4.077418452927288017e+05
974     4.077799497413165518e+05
975     4.091870995748045389e+05
976     4.099382595236152411e+05
977     4.123419109694320359e+05
978     4.136847879650812247e+05
979     4.162671290697521763e+05
980     4.177287170476978063e+05
981     4.182219945588422706e+05
982     4.190804041817639954e+05
983     4.211050965968201635e+05
984     4.245997126567583182e+05
985     4.257077370812603040e+05
986     4.281930612768913852e+05
987     4.327539800224401988e+05
988     4.333802161640676204e+05
989     4.332003464089247282e+05
990     4.327628024760267581e+05
991     4.323261275638363441e+05
992     4.345373218962964020e+05
993     4.348865073235459859e+05
994     4.357696811415669508e+05
995     4.392649896896083374e+05
996     4.400944380472825724e+05
997     4.405357207532806206e+05
998     4.414404112893840647e+05
999     4.416271830163559644e+05
1000    4.412512865357484552e+05
1001    4.449422494126693928e+05
1002    4.460309635005157907e+05
1003    4.482461418507670169e+05
1004    4.492336009057867923e+05
1005    4.510573995873465901e+05
1006    4.506090473651128123e+05
1007    4.512183644361649058e+05
1008    4.521878082195958705e+05
1009    4.520371784166022553e+05
1010    4.520920068520767963e+05
1011    4.531847273110754322e+05
1012    4.537937313439541031e+05
1013    4.542335018594010035e+05
1014    4.539058536021817708e+05
1015    4.549459000237809378e+05
1016    4.557557950799913378e+05
1017    4.553076631626327871e+05
1018    4.548950544896599022e+05
1019    4.564493689417029964e+05
1020    4.571587349871686311e+05
1021    4.583459513995797024e+05
1022    4.598220055823796429e+05
1023    4.607703502589515410e+05
1024    4.613356060219471692e+05
1025    4.613421163691006368e+05
1026    4.620758241873777588e+05
1027    4.619262830564350588e+05
1028    4.631065242225237307e+05
1029    4.643065616243643453e+05
1030    4.650253279138958897e+05
1031    4.647653931502316264e+05
1032    4.646875804706270574e+05
1033    4.646688190735561075e+05
1034    4.651519874227634282e+05
1035    4.674128763003135682e+05
1036    4.684438600451443926e+05
1037    4.693498302246122039e+05
1038    4.697782458071281435e+05
1039    4.709739289661057410e+05
1040    4.705210795565478620e+05
1041    4.716944647836515796e+05
1042    4.712417795120578958e+05
1043    4.714083674103280646e+05
1044    4.709568001649476355e+05
1045    4.710522153203302296e+05
1046    4.709399358208560734e+05
1047    4.710502610579648172e+05
1048    4.712438233665435109e+05
1049    4.715994254258038709e+05
1050    4.727766026283823303e+05
1051    4.744259441320374026e+05
1052    4.759205147523448686e+05
1053    4.760479767862557783e+05
1054    4.760707042691557435e+05
1055    4.761109978127193172e+05
1056    4.756601876937389025e+05
1057    4.754381006837580935e+05
1058    4.756958892286452465e+05
1059    4.752467044159462093e+05
1060    4.775629285188550712e+05
1061    4.783836899457210675e+05
1062    4.795573125730458414e+05
1063    4.810885217697836924e+05
1064    4.829566006254451931e+05
1065    4.825031550915571861e+05
1066    4.833997646767576225e+05
1067    4.830995972216627561e+05
1068    4.839360970939067192e+05
1069    4.834834349640508881e+05
1070    4.831073414967528079e+05
1071    4.840068277569102356e+05
1072    4.854927117650990840e+05
1073    4.866825067697059130e+05
1074    4.868757667718183366e+05
1075    4.895507842087163008e+05
1076    4.927017485022864421e+05
1077    4.928145366489641019e+05
1078    4.932647456116308458e+05
1079    4.941643038689499372e+05
1080    4.956046606609132141e+05
1081    4.951461738904150552e+05
1082    4.950141382426015334e+05
1083    4.953640133327966323e+05
1084    4.949070190692968899e+05
1085    4.951047860215352266e+05
1086    4.951565918913907954e+05
1087    4.955511150213368237e+05
1088    4.985494163814294734e+05
1089    4.980915998647052911e+05
1090    4.980012217739084153e+05
1091    4.983304505729526281e+05
1092    4.998884777209903114e+05
1093    5.006638323261776241e+05
1094    5.003388990480218199e+05
1095    5.011591006096428609e+05
1096    5.015204754754035384e+05
1097    5.017190989885718445e+05
1098    5.016773926620203420e+05
1099    5.027510000045274501e+05
1100    5.029786480816830299e+05
1101    5.029115357223925530e+05
1102    5.043303689545334200e+05
1103    5.040427467446189257e+05
1104    5.043330302095938823e+05
1105    5.039454120045692543e+05
1106    5.035584812234117417e+05
1107    5.031035819953523460e+05
1108    5.031253387266261852e+05
1109    5.028866387319580535e+05
1110    5.026398550999047002e+05
1111    5.021874221797789796e+05
1112    5.024552140931331087e+05
1113    5.028758583439269569e+05
1114    5.039219602579218918e+05
1115    5.046440881439131917e+05
1116    5.049016979931824026e+05
1117    5.045197230596448644e+05
1118    5.048256934712730581e+05
1119    5.044965980744012631e+05
1120    5.044423518064873060e+05
1121    5.043694091262631700e+05
1122    5.046089935612645932e+05
1123    5.052274835578883649e+05
1124    5.061665899942314718e+05
1125    5.060387404693217250e+05
1126    5.057328690405110247e+05
1127    5.060083056533120107e+05
1128    5.055597102370655630e+05
1129    5.059083993402425549e+05
1130    5.054606907646503532e+05
1131    5.050844696664477815e+05
1132    5.049238206349916290e+05
1133    5.045837481146010105e+05
1134    5.041387924933990580e+05
1135    5.053288414862225181e+05
1136    5.048840191128649167e+05
1137    5.059462684805581230e+05
1138    5.062511484250914655e+05
1139    5.059136814997382462e+05
1140    5.059527539842711412e+05
1141    5.055892478612929699e+05
1142    5.068462526730631944e+05
1143    5.064613005074615940e+05
1144    5.066781156717321137e+05
1145    5.076208568861196400e+05
1146    5.084597033374210587e+05
1147    5.080163884395440109e+05
1148    5.086070566664589569e+05
1149    5.089287444152914686e+05
1150    5.084861835625140811e+05
1151    5.082579645407462376e+05
1152    5.095158192563069169e+05
1153    5.113986570270220400e+05
1154    5.140424015666966443e+05
1155    5.147685814915178926e+05
1156    5.152423067649217555e+05
1157    5.151640483012736659e+05
1158    5.155124555186908110e+05
1159    5.155891568188133533e+05
1160    5.164125607460617903e+05
1161    5.159678152682677610e+05
1162    5.161706837142450968e+05
1163    5.159278114809316467e+05
1164    5.163734369168020785e+05
1165    5.173570004561135429e+05
1166    5.171139507886632346e+05
1167    5.168643043415209977e+05
1168    5.169344351571965963e+05
1169    5.165812808315165457e+05
1170    5.190148625111223664e+05
1171    5.197418305219066679e+05
1172    5.219920459131984389e+05
1173    5.227515619589680573e+05
1174    5.226231393845644780e+05
1175    5.231815727399070747e+05
1176    5.227367176658014650e+05
1177    5.228166821266981424e+05
1178    5.228720902826308738e+05
1179    5.225226062286575325e+05
1180    5.227129386503509595e+05
1181    5.228170568270076765e+05
1182    5.234066695591075113e+05
1183    5.240953464534878731e+05
1184    5.252352108224312542e+05
1185    5.262191204285252606e+05
1186    5.262221316227006027e+05
1187    5.270904567546318285e+05
1188    5.268931697777849622e+05
1189    5.268457038556814659e+05
1190    5.271108141587432474e+05
1191    5.274695256191268563e+05
1192    5.289076362583461450e+05
1193    5.288920374445725465e+05
1194    5.287329561393056065e+05
1195    5.298560955583167961e+05
1196    5.295197923974918667e+05
1197    5.310649090912527172e+05
1198    5.306216174786235206e+05
1199    5.312407761904532090e+05
1200    5.322150211530075176e+05
1201    5.329997561044829199e+05
1202    5.325563796684694244e+05
1203    5.327787613635824528e+05
1204    5.331181612104373053e+05
1205    5.326757590749532683e+05
1206    5.333011724618042354e+05
1207    5.336043556603594916e+05
1208    5.331626604343097424e+05
1209    5.327216897666363511e+05
1210    5.347031456344455946e+05
1211    5.348878131041288143e+05
1212    5.347099288495775545e+05
1213    5.353827795884502120e+05
1214    5.355366994750984013e+05
1215    5.355964626378010726e+05
1216    5.354234427872255910e+05
1217    5.354294950992080849e+05
1218    5.353617678010571981e+05
1219    5.355045990744674345e+05
1220    5.357279477485155221e+05
1221    5.368214836049498990e+05
1222    5.369983739641467109e+05
1223    5.365688733466643607e+05
1224    5.367297484139365843e+05
1225    5.362915926565065747e+05
1226    5.361852085693775443e+05
1227    5.365391978418616345e+05
1228    5.366888770953497151e+05
1229    5.368718102813623846e+05
1230    5.373088872810828034e+05
1231    5.368723968725274317e+05
1232    5.369375382010549074e+05
1233    5.372072113808360882e+05
1234    5.371146230442549568e+05
1235    5.370509197276352206e+05
1236    5.368018618546162033e+05
1237    5.368257704979404807e+05
1238    5.372280057569761993e+05
1239    5.385660977298335638e+05
1240    5.382798275436266558e+05
1241    5.379224097017694730e+05
1242    5.376550305203109747e+05
1243    5.372224567657890730e+05
1244    5.369727157016750425e+05
1245    5.377400504519524984e+05
1246    5.377403526511756936e+05
1247    5.373091267968771281e+05
1248    5.370196912110537523e+05
1249    5.365897269156069960e+05
1250    5.361604415106715169e+05
1251    5.357318288673064671e+05
1252    5.356414361450887518e+05
1253    5.361871499722638400e+05
1254    5.363450770984106930e+05
1255    5.367616544932561228e+05
1256    5.370413000099287601e+05
1257    5.368497249793679221e+05
1258    5.372066515193259111e+05
1259    5.367799621534387115e+05
1260    5.384857822144248057e+05
1261    5.387028679966756608e+05
1262    5.388396325204733294e+05
1263    5.415277290594513761e+05
1264    5.418471028438680805e+05
1265    5.427525239171886351e+05
1266    5.428484059053570963e+05
1267    5.434353761040653335e+05
1268    5.440326222754416522e+05
1269    5.446627137982456479e+05
1270    5.446982684578213375e+05
1271    5.450688630906096660e+05
1272    5.450549100943921367e+05
1273    5.452237246466499055e+05
1274    5.450717069743915927e+05
1275    5.471671344161648303e+05
1276    5.482597366441814229e+05
1277    5.500362056529951515e+05
1278    5.506579179701207904e+05
1279    5.509392030644781189e+05
1280    5.510821820631952723e+05
1281    5.513458246370136039e+05
1282    5.510555960757840658e+05
1283    5.510298863958236761e+05
1284    5.506007282563190674e+05
1285    5.513835378013239242e+05
1286    5.513431268469862407e+05
1287    5.509147570203855867e+05
1288    5.504870209884446813e+05
1289    5.504566965391652193e+05
1290    5.508909549236950697e+05
1291    5.524803402499214280e+05
1292    5.547215933543267893e+05
1293    5.547419585053737974e+05
1294    5.551297290656182449e+05
1295    5.547010948831499554e+05
1296    5.545417905077210162e+05
1297    5.543431134499876061e+05
1298    5.540003241068321513e+05
1299    5.535738734916187823e+05
1300    5.535513906561225886e+05
1301    5.532945433499378851e+05
1302    5.551200263672005385e+05
1303    5.548978230023350334e+05
1304    5.546147492249929346e+05
1305    5.543254318600845290e+05
1306    5.551909743788725464e+05
1307    5.551211314850355266e+05
1308    5.554461695023786742e+05
1309    5.553057054290908854e+05
1310    5.554075820792439627e+05
1311    5.563563978705788031e+05
1312    5.559323440515002003e+05
1313    5.555927434426546097e+05
1314    5.562992867826040601e+05
1315    5.564811408304445213e+05
1316    5.560582553853298305e+05
1317    5.561657693616722245e+05
1318    5.557437720258043846e+05
1319    5.563276109647316625e+05
1320    5.559061495615211315e+05
1321    5.557248697100932477e+05
1322    5.558836928749405779e+05
1323    5.560920115699761081e+05
1324    5.556719911066575442e+05
1325    5.557232759794014273e+05
1326    5.557175359038722236e+05
1327    5.552987465435271151e+05
1328    5.550042313124148641e+05
1329    5.559200109126557363e+05
1330    5.556798526490055956e+05
1331    5.569453471585734515e+05
1332    5.586201076580563094e+05
1333    5.596573847120874561e+05
1334    5.598296883534631925e+05
1335    5.594103291061812779e+05
1336    5.602332603478678502e+05
1337    5.602725104792407947e+05
1338    5.598537561378211249e+05
1339    5.602680193765980657e+05
1340    5.601905502088065259e+05
1341    5.604837300303688971e+05
1342    5.601172626947751269e+05
1343    5.603283894274227787e+05
1344    5.603404273846367141e+05
1345    5.599237998452669708e+05
1346    5.608470943824998103e+05
1347    5.605910982231840026e+05
1348    5.616203294500345364e+05
1349    5.613966965737286955e+05
1350    5.612670573994891020e+05
1351    5.621836725199506618e+05
1352    5.619179489405532368e+05
1353    5.621776440232293680e+05
1354    5.630943552233451046e+05
1355    5.639966994001916610e+05
1356    5.641653911353887524e+05
1357    5.640305479603748536e+05
1358    5.650646510997615987e+05
1359    5.659330771006345749e+05
1360    5.659407628962993622e+05
1361    5.665856995922476053e+05
1362    5.669744604588062502e+05
1363    5.671024262381623266e+05
1364    5.668105285510777030e+05
1365    5.666629648247435689e+05
1366    5.671422010685869027e+05
1367    5.682925982970518526e+05
1368    5.684417162859770469e+05
1369    5.683177627010962460e+05
1370    5.679029336184656713e+05
1371    5.676110838776677847e+05
1372    5.671973765536865685e+05
1373    5.669064577244624961e+05
1374    5.664938681319322204e+05
1375    5.664904062938229181e+05
1376    5.665620970100166742e+05
1377    5.666879014942336362e+05
1378    5.666715672237849794e+05
1379    5.662606287027504295e+05
1380    5.659146023102110485e+05
1381    5.655048098641949473e+05
1382    5.655370328893375117e+05
1383    5.651786576074409531e+05
1384    5.647703006766602630e+05
1385    5.643625286119286902e+05
1386    5.644861659387673717e+05
1387    5.640791908157876460e+05
1388    5.638263276527738199e+05
1389    5.639437734240161953e+05
1390    5.643818751344204647e+05
1391    5.642951071287683444e+05
1392    5.640622889869889477e+05
1393    5.637612269623210886e+05
1394    5.635801670387085760e+05
1395    5.631761764727386180e+05
1396    5.633763135009035468e+05
1397    5.629730627929676557e+05
1398    5.629597508093408542e+05
1399    5.627546100441125454e+05
1400    5.623526641162325395e+05
1401    5.622218021479529561e+05
1402    5.621525282461806200e+05
1403    5.617518917921850225e+05
1404    5.625400636296507437e+05
1405    5.626478248507510871e+05
1406    5.625561144303339534e+05
1407    5.627681083832479781e+05
1408    5.629348452211058466e+05
1409    5.631763135157302022e+05
1410    5.630745437637345167e+05
1411    5.626755910554014845e+05
1412    5.627571901245722547e+05
1413    5.630414391796487616e+05
1414    5.631820986368857557e+05
1415    5.632522770931712585e+05
1416    5.633446861401352799e+05
1417    5.631411714832119178e+05
1418    5.627441375110478839e+05
1419    5.627254488022233127e+05
1420    5.623292603744278895e+05
1421    5.620228049377554562e+05
1422    5.616276434022719041e+05
1423    5.612330253060680116e+05
1424    5.609279436161596095e+05
1425    5.608478717188539449e+05
1426    5.604546163290225668e+05
1427    5.602835102619881509e+05
1428    5.602625027833336499e+05
1429    5.598932660938141635e+05
1430    5.596030283771672985e+05
1431    5.598087647931100801e+05
1432    5.598064650639502797e+05
1433    5.594158561686188914e+05
1434    5.590257866362584755e+05
1435    5.587418301490610465e+05
1436    5.588395207341846544e+05
1437    5.588870210215111729e+05
1438    5.584984194598622853e+05
1439    5.582849923350889003e+05
1440    5.580404934401588980e+05
1441    5.577478329888394801e+05
1442    5.575156124515749980e+05
1443    5.571293179755328456e+05
1444    5.567873006510006962e+05
1445    5.564166094564306550e+05
1446    5.561179355858169729e+05
1447    5.558727978521372424e+05
1448    5.570868996780782472e+05
1449    5.575818757378985174e+05
1450    5.575067785388776101e+05
1451    5.582516392255419632e+05
1452    5.581298456738557434e+05
1453    5.577457857773592696e+05
1454    5.583339331672727130e+05
1455    5.585210785450638505e+05
1456    5.585595219435668550e+05
1457    5.583287512440234423e+05
1458    5.580983045237489277e+05
1459    5.577158635092104087e+05
1460    5.575428310401581693e+05
1461    5.571612958910625894e+05
1462    5.571140147340153344e+05
1463    5.570649627880689222e+05
1464    5.572008212277380517e+05
1465    5.570318265118972631e+05
1466    5.566893754889313132e+05
1467    5.569091452182698995e+05
1468    5.567035649921270087e+05
1469    5.563246350912523922e+05
1470    5.559462234591698507e+05
1471    5.555683225531065837e+05
1472    5.553852653974322602e+05
1473    5.555357722541826079e+05
1474    5.558642481451290660e+05
1475    5.560050775632412406e+05
1476    5.557710588055078406e+05
1477    5.555453031279119896e+05
1478    5.561321676338398829e+05
1479    5.559182652779943310e+05
1480    5.560701424121942837e+05
1481    5.562889393922082381e+05
1482    5.571206847956001293e+05
1483    5.569167496108842315e+05
1484    5.573383946925041964e+05
1485    5.571852139207152650e+05
1486    5.580806107693408849e+05
1487    5.579650381650645286e+05
1488    5.582969912982854294e+05
1489    5.587828812853554264e+05
1490    5.587922382439377252e+05
1491    5.584174423224233324e+05
1492    5.583366511992630549e+05
1493    5.580326693356751930e+05
1494    5.577846160975932144e+05
1495    5.576478659592248732e+05
1496    5.586200442685595481e+05
1497    5.582468737938937265e+05
1498    5.582841341333218152e+05
1499    5.582739553990671411e+05
1500    5.579017879458130337e+05
1501    5.575301113225014415e+05
1502    5.572729997412211960e+05
1503    5.569022368580319453e+05
1504    5.565319536720499163e+05
1505    5.561621625599918189e+05
1506    5.559697951671205228e+05
1507    5.556892716324098874e+05
1508    5.557162483027111739e+05
1509    5.553479764642796945e+05
1510    5.549801924083419144e+05
1511    5.548273336725787958e+05
1512    5.548273993025497766e+05
1513    5.546452092218517791e+05
1514    5.542788872304193210e+05
1515    5.550996563243198907e+05
1516    5.549235226091142977e+05
1517    5.548066500389233697e+05
1518    5.544411984062938718e+05
1519    5.550462761748575140e+05
1520    5.546811274452463258e+05
1521    5.549532654064198723e+05
1522    5.548038017636639997e+05
1523    5.544395482712062076e+05
1524    5.543836965486113913e+05
1525    5.548738678229032084e+05
1526    5.545102932479421142e+05
1527    5.541471948169202078e+05
1528    5.537845715950995218e+05
1529    5.534224282398420619e+05
1530    5.535862687454947736e+05
1531    5.534788856664519990e+05
1532    5.531176459345014300e+05
1533    5.527568392541898647e+05
1534    5.523965029859057395e+05
1535    5.520366362102789572e+05
1536    5.536923444408637006e+05
1537    5.536733653026983375e+05
1538    5.549252934779246571e+05
1539    5.552050043940534815e+05
1540    5.550556479779934743e+05
1541    5.554466811488770181e+05
1542    5.552254035473142285e+05
1543    5.550740415239924332e+05
1544    5.551211144567866577e+05
1545    5.555037605133532779e+05
1546    5.553781877455259673e+05
1547    5.558645496340732789e+05
1548    5.558936263118603965e+05
1549    5.563042793420751113e+05
1550    5.562257121729804203e+05
1551    5.561673684482162353e+05
1552    5.580804755639667856e+05
1553    5.577211981572146760e+05
1554    5.573623876607601997e+05
1555    5.575637304028164363e+05
1556    5.572054487304557115e+05
1557    5.575862310542546911e+05
1558    5.578306675430412870e+05
1559    5.574728901015237207e+05
1560    5.575565922623152146e+05
1561    5.577593682885603048e+05
1562    5.580354830727027729e+05
1563    5.585377493084369926e+05
1564    5.588847098743000533e+05
1565    5.591489928567856550e+05
1566    5.590313869748348370e+05
1567    5.590374391074033920e+05
1568    5.590063964420009870e+05
1569    5.586501420079300879e+05
1570    5.590923603283445118e+05
1571    5.588497358673997223e+05
1572    5.601116560755596729e+05
1573    5.601695635234750807e+05
1574    5.598136740200753557e+05
1575    5.594582365112625994e+05
1576    5.600515756043038564e+05
1577    5.604083577685038326e+05
1578    5.602698457584424177e+05
1579    5.600642302104376722e+05
1580    5.599776239690129878e+05
1581    5.596234301711443113e+05
1582    5.598381302829198539e+05
1583    5.594844657125641825e+05
1584    5.591312607511350652e+05
1585    5.591419333932994632e+05
1586    5.589415538490122417e+05
1587    5.585893498693846632e+05
1588    5.584987349081690190e+05
1589    5.581472800069408258e+05
1590    5.579437816398022696e+05
1591    5.581046701260359259e+05
1592    5.581817421592244646e+05
1593    5.581618391091396334e+05
1594    5.580600852741121780e+05
1595    5.582428930453986395e+05
1596    5.586583458223966882e+05
1597    5.589811579989314778e+05
1598    5.595467201351099648e+05
1599    5.600670164377299370e+05
1600    5.601911038955630502e+05
1601    5.601825567599205533e+05
1602    5.601947851780115161e+05
1603    5.604173696913314052e+05
1604    5.600679780661819968e+05
1605    5.598314090849338099e+05
1606    5.598546605896500405e+05
1607    5.597477162121681031e+05
1608    5.597414424587858375e+05
1609    5.603604813173302682e+05
1610    5.600124041998236207e+05
1611    5.596647592415121617e+05
1612    5.596370813109693117e+05
1613    5.595170014988705516e+05
1614    5.597619227802484529e+05
1615    5.602047648498828057e+05
1616    5.599579997161134379e+05
1617    5.596116812445903197e+05
1618    5.601582404321142239e+05
1619    5.599432052194372518e+05
1620    5.602033238237455953e+05
1621    5.600423248752644286e+05
1622    5.600732975159721682e+05
1623    5.597281855877484195e+05
1624    5.597811146544170333e+05
1625    5.595659619279061444e+05
1626    5.594004553904697532e+05
1627    5.590566055637623649e+05
1628    5.587131781896004686e+05
1629    5.593770861668131547e+05
1630    5.595534841069055256e+05
1631    5.598601429166116286e+05
1632    5.596779358001925284e+05
1633    5.597404357903373893e+05
1634    5.595658262008965248e+05
1635    5.592235602414874593e+05
1636    5.601219852005346911e+05
1637    5.599326515391618013e+05
1638    5.597122266660981113e+05
1639    5.598551115593223367e+05
1640    5.603924094755596016e+05
1641    5.606411236927286955e+05
1642    5.611575788644080749e+05
1643    5.611649130256335484e+05
1644    5.613228046321634902e+05
1645    5.614607720939374994e+05
1646    5.623924534791462356e+05
1647    5.632550380224572727e+05
1648    5.631092404560458381e+05
1649    5.627677360336290440e+05
1650    5.626224123861283297e+05
1651    5.628622008050426375e+05
1652    5.632086060477244901e+05
1653    5.630119111939689610e+05
1654    5.628547718198433286e+05
1655    5.627196769540501991e+05
1656    5.623798443738960195e+05
1657    5.621669078853279352e+05
1658    5.620565572665598011e+05
1659    5.623973158796755597e+05
1660    5.620584993058380205e+05
1661    5.617200878579339478e+05
1662    5.613820836750979070e+05
1663    5.613000629759685835e+05
1664    5.620527959431397030e+05
1665    5.617877918971045874e+05
1666    5.618530472130796406e+05
1667    5.618367300180238672e+05
1668    5.614998858619430102e+05
1669    5.615845978488420369e+05
1670    5.613696797603846062e+05
1671    5.617237459238684969e+05
1672    5.619763872468044283e+05
1673    5.624767763140622992e+05
1674    5.628942815900531132e+05
1675    5.630417848674436100e+05
1676    5.642417763935864205e+05
1677    5.648047399407465709e+05
1678    5.653612092091194354e+05
1679    5.657110981814564439e+05
1680    5.659345192805810366e+05
1681    5.658719084558822215e+05
1682    5.666499878087086836e+05
1683    5.667629882705931086e+05
1684    5.664264482741211541e+05
1685    5.664320432074748678e+05
1686    5.665553910075864987e+05
1687    5.662195596913022455e+05
1688    5.664413682122743921e+05
1689    5.662159856191517320e+05
1690    5.661065519553993363e+05
1691    5.662656616706681671e+05
1692    5.665121965334295528e+05
1693    5.663861303871242562e+05
1694    5.660517690229801228e+05
1695    5.661617926444268087e+05
1696    5.664267448860681616e+05
1697    5.676012851751677226e+05
1698    5.673849739570345264e+05
1699    5.673417557132369839e+05
1700    5.675471357927421341e+05
1701    5.672134934728326043e+05
1702    5.678762033283869969e+05
1703    5.679906962411331479e+05
1704    5.683431616356561426e+05
1705    5.684017380596356234e+05
1706    5.682126714627720648e+05
1707    5.681864673854729626e+05
1708    5.682877247400145279e+05
1709    5.694969362064641900e+05
1710    5.696128641750315437e+05
1711    5.694587095066168113e+05
1712    5.697272224153720308e+05
1713    5.694615621212823316e+05
1714    5.691293424411833985e+05
1715    5.687974917087807553e+05
1716    5.694995185717988061e+05
1717    5.703079721085121855e+05
1718    5.705872448963992065e+05
1719    5.710207643080080161e+05
1720    5.724646180934972363e+05
1721    5.728334021652677329e+05
1722    5.725008197987754829e+05
1723    5.738878535588878440e+05
1724    5.739024822134071728e+05
1725    5.737023532831348712e+05
1726    5.736371888947882690e+05
1727    5.734087146241684677e+05
1728    5.732982318276717560e+05
1729    5.732162211584416218e+05
1730    5.728849145036002155e+05
1731    5.728047061492677312e+05
1732    5.731307035816492280e+05
1733    5.733073721679321025e+05
1734    5.733646655626624124e+05
1735    5.732308015107512474e+05
1736    5.729837801120351069e+05
1737    5.729965583301131846e+05
1738    5.726668845680047525e+05
1739    5.724788953189000022e+05
1740    5.722911046653846279e+05
1741    5.723980075700060697e+05
1742    5.723727173815931892e+05
1743    5.723775458721051691e+05
1744    5.720493370346697047e+05
1745    5.718359053557622246e+05
1746    5.721056187280317536e+05
1747    5.726033620368990814e+05
1748    5.736631246348002460e+05
1749    5.740903357514040545e+05
1750    5.739875153721352108e+05
1751    5.741869232859836193e+05
1752    5.753358282216890948e+05
1753    5.756151589517031098e+05
1754    5.758004952889911365e+05
1755    5.761863256521682488e+05
1756    5.775666374671019148e+05
1757    5.775863064416910056e+05
1758    5.775110772624597885e+05
1759    5.776457412341452437e+05
1760    5.779811321864733472e+05
1761    5.776529458992944565e+05
1762    5.773524205806811806e+05
1763    5.773846171097340994e+05
1764    5.779582054893731838e+05
1765    5.776307628390735481e+05
1766    5.776890031814437825e+05
1767    5.775499382799613522e+05
1768    5.778271067397474544e+05
1769    5.777388804181441665e+05
1770    5.776233952147489181e+05
1771    5.782379829628758598e+05
1772    5.780150785571034066e+05
1773    5.776891082390416414e+05
1774    5.773635116929175565e+05
1775    5.770382819648345467e+05
1776    5.772617323927044636e+05
1777    5.770619341148618842e+05
1778    5.767374103911555139e+05
1779    5.773148321359333349e+05
1780    5.770826575657629874e+05
1781    5.771279016873417422e+05
1782    5.772827026238057297e+05
1783    5.771556335392520996e+05
1784    5.768321060069876257e+05
1785    5.767735224735591328e+05
1786    5.776961559955291450e+05
1787    5.774276247126120143e+05
1788    5.772667527732222807e+05
1789    5.769440708116936730e+05
1790    5.770523298016202170e+05
1791    5.767866971906826366e+05
1792    5.765175078745821957e+05
1793    5.766364743711425690e+05
1794    5.766835052638853667e+05
1795    5.764363329714467982e+05
1796    5.763411046234536916e+05
1797    5.764110890543132555e+05
1798    5.760904895465314621e+05
1799    5.757702434690067312e+05
1800    5.755161212996176910e+05
1801    5.757770146862150868e+05
1802    5.759619205366329988e+05
1803    5.756791914345999248e+05
1804    5.756153320787213743e+05
1805    5.753611633028334472e+05
1806    5.752286489787118044e+05
1807    5.750579952369251987e+05
1808    5.751759047529698582e+05
1809    5.752419415185230318e+05
1810    5.750845256448443979e+05
1811    5.749272874651491875e+05
1812    5.753458721551896306e+05
1813    5.754285129340525018e+05
1814    5.756851454919177340e+05
1815    5.753679434549331199e+05
1816    5.750510856165371370e+05
1817    5.747345765762666706e+05
1818    5.744975124646464828e+05
1819    5.748484998694228707e+05
1820    5.749272454556371085e+05
1821    5.746738349709677277e+05
1822    5.744880414576859912e+05
1823    5.744001714212297229e+05
1824    5.741745449227746576e+05
1825    5.738599132548120106e+05
1826    5.737677241405701498e+05
1827    5.737743297453874256e+05
1828    5.736744951177183539e+05
1829    5.735657757604157086e+05
1830    5.737559571155752055e+05
1831    5.736382313380301930e+05
1832    5.734566560095846653e+05
1833    5.737217834570108680e+05
1834    5.734089510132969590e+05
1835    5.733535652060909197e+05
1836    5.730412696486894274e+05
1837    5.731797292237278307e+05
1838    5.732156681718013715e+05
1839    5.731100433911373839e+05
1840    5.729513621499694418e+05
1841    5.729671361765674083e+05
1842    5.728892817477268400e+05
1843    5.732366678176323185e+05
1844    5.731306453300821595e+05
1845    5.729055510236328701e+05
1846    5.726806954924303573e+05
1847    5.728820461734244600e+05
1848    5.725720283874499146e+05
1849    5.725273624593643472e+05
1850    5.724500723419565475e+05
1851    5.721407878871023422e+05
1852    5.719681474331647623e+05
1853    5.727457414435853716e+05
1854    5.727425209937203908e+05
1855    5.729934906905533280e+05
1856    5.733819962230571546e+05
1857    5.730732211993191158e+05
1858    5.727647656420901185e+05
1859    5.724712041653688066e+05
1860    5.721634058881361270e+05
1861    5.718936669091217918e+05
1862    5.717102556398696033e+05
1863    5.719726513836602680e+05
1864    5.716657795863010688e+05
1865    5.715257640195062850e+05
1866    5.714877304384864401e+05
1867    5.715747574170615990e+05
1868    5.714154672246979317e+05
1869    5.713490972940309439e+05
1870    5.713542788202974480e+05
1871    5.712366903571428265e+05
1872    5.709856463224104373e+05
1873    5.709553885962226195e+05
1874    5.708046552917198278e+05
1875    5.706696079188216245e+05
1876    5.705701726279919967e+05
1877    5.702661722806727048e+05
1878    5.701286732399269240e+05
1879    5.701206982397377724e+05
1880    5.701665170773062855e+05
1881    5.700345692860233830e+05
1882    5.697316598177602282e+05
1883    5.695444389750841074e+05
1884    5.693867797044710023e+05
1885    5.698057877009172225e+05
1886    5.697110954991389299e+05
1887    5.696165043509136885e+05
1888    5.694591494955548551e+05
1889    5.693509234634930035e+05
1890    5.690496654540540185e+05
1891    5.689570923790067900e+05
1892    5.688178190207147272e+05
1893    5.685173208072372945e+05
1894    5.686166379390057409e+05
1895    5.684376053230768302e+05
1896    5.682926821565672290e+05
1897    5.684592438781631645e+05
1898    5.682791901404110249e+05
1899    5.681596193049063440e+05
1900    5.678990168748561991e+05
1901    5.681628116358800326e+05
1902    5.681317196087291231e+05
1903    5.681029288410713198e+05
1904    5.679548505216313060e+05
1905    5.676919983971483307e+05
1906    5.674316704445298528e+05
1907    5.674148531350162812e+05
1908    5.671174467467470095e+05
1909    5.669411063912076643e+05
1910    5.667310614976397483e+05
1911    5.666881112589004915e+05
1912    5.667692829070569715e+05
1913    5.670043279687175527e+05
1914    5.667185156841292046e+05
1915    5.665943600224985275e+05
1916    5.665564212686223909e+05
1917    5.667240409531057812e+05
1918    5.665865439906398533e+05
1919    5.663278429906740785e+05
1920    5.660694111800073879e+05
1921    5.658980487848488847e+05
1922    5.656583536320818821e+05
1923    5.653641953504623380e+05
1924    5.652306474257956725e+05
1925    5.651423001558306860e+05
1926    5.650332525258627720e+05
1927    5.650751942511753878e+05
1928    5.649230795138056856e+05
1929    5.646302172610969283e+05
1930    5.646632719396592584e+05
1931    5.644955385136568220e+05
1932    5.643204943613711512e+05
1933    5.640285634441521252e+05
1934    5.637369267767522251e+05
1935    5.634455788075306918e+05
1936    5.631545221607380081e+05
1937    5.630015890407768311e+05
1938    5.630909894170921762e+05
1939    5.628270555957038887e+05
1940    5.628121378057724796e+05
1941    5.626401770916165551e+05
1942    5.627865759750292636e+05
1943    5.626260275789321167e+05
1944    5.623365931803763378e+05
1945    5.621708473860953236e+05
1946    5.619614668256903533e+05
1947    5.618991625517385546e+05
1948    5.617995493913347600e+05
1949    5.617908310127842706e+05
1950    5.615489165840076748e+05
1951    5.616299902651164448e+05
1952    5.613422530050372006e+05
1953    5.616936140160085633e+05
1954    5.620846894035321893e+05
1955    5.618425115535876248e+05
1956    5.619018122021023883e+05
1957    5.617874311214687768e+05
1958    5.618694456384640653e+05
1959    5.616981185449823970e+05
1960    5.616881804445643211e+05
1961    5.614938277918704553e+05
1962    5.612570889772311784e+05
1963    5.610220570529191755e+05
1964    5.607363868880787631e+05
1965    5.605272774689160287e+05
1966    5.604643420756293926e+05
1967    5.602145031738104299e+05
1968    5.603102016062514158e+05
1969    5.602355557448737090e+05
1970    5.602040566460572882e+05
1971    5.599198246573776705e+05
1972    5.598894429348683916e+05
1973    5.596056600766385673e+05
1974    5.594420281406202121e+05
1975    5.593982339677355485e+05
1976    5.593755046710988972e+05
1977    5.590925545936925337e+05
1978    5.589355013418776216e+05
1979    5.587404660675423220e+05
1980    5.586932186448340071e+05
1981    5.585276602391039487e+05
1982    5.583964676606224384e+05
1983    5.583279726898228982e+05
1984    5.582108446001050761e+05
1985    5.581964042151997564e+05
1986    5.579908060145971831e+05
1987    5.578829068537434796e+05
1988    5.576022752050238196e+05
1989    5.575233175266941544e+05
1990    5.573408735308278119e+05
1991    5.571413993126759306e+05
1992    5.568616900360803120e+05
1993    5.566849351868458325e+05
1994    5.564399404269127408e+05
1995    5.562180729021236766e+05
1996    5.560013220578881446e+05
1997    5.560534561502479482e+05
1998    5.560430898119985359e+05
1999    5.558798132784352638e+05
2000    5.556693212396932067e+05
