1       0.000000000000000000e+00
2       0.000000000000000000e+00
3       0.000000000000000000e+00
4       0.000000000000000000e+00
5       0.000000000000000000e+00
6       0.000000000000000000e+00
7       0.000000000000000000e+00
8       0.000000000000000000e+00
9       0.000000000000000000e+00
10      0.000000000000000000e+00
11      0.000000000000000000e+00
12      0.000000000000000000e+00
13      0.000000000000000000e+00
14      0.000000000000000000e+00
15      0.000000000000000000e+00
16      0.000000000000000000e+00
17      0.000000000000000000e+00
18      7.939626177115970848e-09
19      2.213130616576658088e-08
20      8.798479970313610712e-08
21      3.009131044886852788e-07
22      1.393862622946041408e-06
23      3.998948713843579028e-05
24      7.741991597625652024e-04
25      1.261883248543945509e-03
26      1.629499267189743385e-03
27      2.021059423084173561e-03
28      2.241249176914794725e-03
29      2.908530868073963722e-03
30      5.304096923228164388e-03
31      8.226402515473862226e-03
32      9.240083971714035255e-03
33      1.451561563579166318e-02
34      1.808050437151459411e-02
35      3.204713219779977557e-02
36      6.574755292166972742e-02
37      8.232201118547304020e-02
38      9.221594309066573347e-02
39      9.365673995187882850e-02
40      9.505658105560114979e-02
41      1.035971781524973878e-01
42      1.610081128159024100e-01
43      2.868590051963925136e-01
44      5.148505014499386023e-01
45      6.713936025257543072e-01
46      6.567980894283390603e-01
47      7.739486796335374175e-01
48      8.368390037027201300e-01
49      8.814144025629451207e-01
50      1.062578269276031717e+00
51      1.185331055533329403e+00
52      1.337879266279984103e+00
53      1.348653507113395156e+00
54      1.424425267225175373e+00
55      1.398526626004885642e+00
56      1.724294396110778393e+00
57      1.978784995320745255e+00
58      2.229134311680049052e+00
59      2.810184552759499521e+00
60      2.829431069100549312e+00
61      3.329880419068123931e+00
62      4.106286216913722420e+00
63      5.375795844908799914e+00
64      8.015710771020966519e+00
65      9.050185426636843999e+00
66      1.003621183573557119e+01
67      1.334406414964358234e+01
68      1.614345099996571875e+01
69      1.863096282513030033e+01
70      2.083887301721669516e+01
71      2.228240028737969425e+01
72      3.280810293217554374e+01
73      3.675024534988147451e+01
74      4.653966987486109019e+01
75      5.242721090444720744e+01
76      5.436646165480271975e+01
77      6.678001135934054844e+01
78      7.311895550590971027e+01
79      7.729427891727766564e+01
80      9.820035187371452423e+01
81      1.267106311058305579e+02
82      2.224551549969119719e+02
83      3.016118394162755862e+02
84      3.892091402937809335e+02
85      5.671039877169637293e+02
86      6.810497940733088171e+02
87      8.293080978067403066e+02
88      9.571838108611442522e+02
89      1.091156870352023816e+03
90      1.197811411430718863e+03
91      1.354591315602045597e+03
92      1.487518025364129471e+03
93      1.675176485660923390e+03
94      1.724412089599329647e+03
95      1.745996024799460429e+03
96      1.767907115906844410e+03
97      1.984616701271389047e+03
98      2.181607069806882464e+03
99      2.434465945056325381e+03
100     2.445617963740119649e+03
101     2.572872307798862948e+03
102     2.706717009966817841e+03
103     2.708827032858281655e+03
104     2.850096213778983383e+03
105     3.149988341072064486e+03
106     3.478917837317551403e+03
107     3.659509267091415040e+03
108     3.839843784078378121e+03
109     3.838208355252355886e+03
110     4.598008434958196631e+03
111     4.742333455148488611e+03
112     5.233423728187563029e+03
113     5.292581730732897086e+03
114     5.346476248517706154e+03
115     5.488709176426056729e+03
116     5.653945817188373439e+03
117     5.851375798900210611e+03
118     6.772161065483926905e+03
119     7.330705382911566630e+03
120     8.494463037800112943e+03
121     8.945746655887784073e+03
122     9.719097008364165958e+03
123     1.017726229334625896e+04
124     1.045090118355514824e+04
125     1.094823728918785491e+04
126     1.086134702256537457e+04
127     1.117378440313749707e+04
128     1.216656482757461526e+04
129     1.362178288427891675e+04
130     1.423307562646925362e+04
131     1.439096387479907025e+04
132     1.462383231480993527e+04
133     1.523658529588608872e+04
134     1.535691023570213110e+04
135     1.537001914612967812e+04
136     1.681621817339289191e+04
137     1.711917176400228345e+04
138     1.725867452361153846e+04
139     1.877766577166874413e+04
140     1.864354046594601823e+04
141     1.919628181991023666e+04
142     2.055102934351427029e+04
143     2.065068765875764075e+04
144     2.107052956256907783e+04
145     2.232182118308364443e+04
146     2.356442533272305445e+04
147     2.445039400970455245e+04
148     2.493295884378233677e+04
149     2.734015580013176441e+04
150     2.806972866745630381e+04
151     2.845490136319619342e+04
152     2.888951076133819151e+04
153     2.940642372540395809e+04
154     3.030078162707512820e+04
155     3.053803672630001893e+04
156     3.034228097741830788e+04
157     3.054256847144580388e+04
158     3.108542310210295909e+04
159     3.193491986322308730e+04
160     3.492836045676458889e+04
161     3.676410766525632062e+04
162     3.731706015774040861e+04
163     3.853463857199128688e+04
164     3.946950155446857389e+04
165     4.121035351742593048e+04
166     4.193208201472762448e+04
167     4.256069893009759835e+04
168     4.676203993091005395e+04
169     4.770415016960650973e+04
170     4.869276523854493280e+04
171     4.840802051855579339e+04
172     5.197836568940614234e+04
173     5.328895795636036928e+04
174     5.361465420389213250e+04
175     5.577770828271623759e+04
176     5.754505703484098922e+04
177     5.880734628001516830e+04
178     5.900921470541074086e+04
179     5.951430373036245146e+04
180     6.485100976460387756e+04
181     6.544762219462525536e+04
182     6.758557154105948575e+04
183     6.899687470650515752e+04
184     7.020661304290342377e+04
185     7.145516746663459344e+04
186     7.174286690027930308e+04
187     7.234996837219315057e+04
188     7.269365837192925392e+04
189     7.319303598133605556e+04
190     7.712368027312769846e+04
191     7.867349843580310699e+04
192     7.862195116579055320e+04
193     7.972583827110270795e+04
194     7.941673495520179858e+04
195     8.053255708518387110e+04
196     8.029062173070372955e+04
197     8.106396500784848467e+04
198     8.087194888726818317e+04
199     8.216648867874185089e+04
200     8.552673230301598960e+04
201     8.595813140549160016e+04
202     8.674829259401817399e+04
203     8.779576502541523951e+04
204     8.857262428460983210e+04
205     8.979723577247925277e+04
206     9.052874778160282585e+04
207     9.161083317296234600e+04
208     9.645975272799622326e+04
209     9.655869553638015350e+04
210     9.676745727268952760e+04
211     9.882579583222490328e+04
212     9.835965367761798552e+04
213     9.838835280654202506e+04
214     9.792860156314440246e+04
215     9.928679415019189764e+04
216     1.007223835765905969e+05
217     1.018402285218969773e+05
218     1.013730811106422625e+05
219     1.027789747345119395e+05
220     1.039323691247816896e+05
221     1.043887552799267432e+05
222     1.054361104808879900e+05
223     1.090004994175857864e+05
224     1.114491018094194442e+05
225     1.131540511487380427e+05
226     1.179195903442417330e+05
227     1.242998042411109927e+05
228     1.243435752456727787e+05
229     1.271673494564203720e+05
230     1.277475205601872876e+05
231     1.279953290819800022e+05
232     1.288587279549819650e+05
233     1.287106556118072331e+05
234     1.315103339790618047e+05
235     1.338838325870347035e+05
236     1.363343499062805204e+05
237     1.382023537177807011e+05
238     1.445124632940081938e+05
239     1.475400033270094136e+05
240     1.498231262391690689e+05
241     1.492014821784478554e+05
242     1.536245491126555426e+05
243     1.544712316665033577e+05
244     1.552113929632204818e+05
245     1.559233848309019813e+05
246     1.573237186467602442e+05
247     1.600737582876019296e+05
248     1.612147457345965959e+05
249     1.628064162429145363e+05
250     1.635738740885478619e+05
251     1.650791626014161739e+05
252     1.652650596731377591e+05
253     1.655761739495801157e+05
254     1.682190805223353382e+05
255     1.687977819598935312e+05
256     1.698271237894830410e+05
257     1.753330273346209433e+05
258     1.815434755758829415e+05
259     1.841417825163122616e+05
260     1.852275559572123457e+05
261     1.882999994734362990e+05
262     1.893382833845650021e+05
263     1.886184160146644572e+05
264     1.902603086347559001e+05
265     1.897981720946144196e+05
266     1.890846757062141551e+05
267     1.886249271983223734e+05
268     1.903537414980681497e+05
269     1.967304814523748646e+05
270     1.983553275889336946e+05
271     2.007191044165228959e+05
272     2.003442569180549763e+05
273     2.034847499536820105e+05
274     2.051428850888012676e+05
275     2.049947930712898960e+05
276     2.066251958989274572e+05
277     2.089183310495354235e+05
278     2.108464450141349225e+05
279     2.112772088405115064e+05
280     2.111455544329106051e+05
281     2.142389388880372862e+05
282     2.178207992873174662e+05
283     2.202728545745032316e+05
284     2.248668251670245372e+05
285     2.269988531179639685e+05
286     2.297795231976962823e+05
287     2.289789448404507420e+05
288     2.296779014861584583e+05
289     2.300653252648573252e+05
290     2.349430167323345959e+05
291     2.395302940491431218e+05
292     2.403556627025441267e+05
293     2.438354886219048931e+05
294     2.458849742841398402e+05
295     2.458760380060571188e+05
296     2.458671578375086829e+05
297     2.467838034658590041e+05
298     2.469792286081026541e+05
299     2.488418841001684777e+05
300     2.526236071425510163e+05
301     2.537785753740647051e+05
302     2.555702563165496395e+05
303     2.565412609740859189e+05
304     2.584047490291197610e+05
305     2.600002577299675322e+05
306     2.632659712867832277e+05
307     2.675221989798172144e+05
308     2.672942798832898261e+05
309     2.688264510731404298e+05
310     2.695795466377365519e+05
311     2.697375871772737592e+05
312     2.708424787821521168e+05
313     2.734841885124706896e+05
314     2.768804558104360476e+05
315     2.769402132432945073e+05
316     2.777733191650952213e+05
317     2.768970787461855216e+05
318     2.765695981702510035e+05
319     2.778530183401806280e+05
320     2.787110020605626050e+05
321     2.794515205138847232e+05
322     2.807375980486959452e+05
323     2.802616431523096398e+05
324     2.808914918791140663e+05
325     2.819367779050533427e+05
326     2.824245467933206237e+05
327     2.827499811963638058e+05
328     2.830316754607257899e+05
329     2.841575845585961360e+05
330     2.852163586434083409e+05
331     2.856609298327806173e+05
332     2.862851488173124962e+05
333     2.858688476674990379e+05
334     2.852820449305621441e+05
335     2.851440863014823408e+05
336     2.844712367504935246e+05
337     2.851626453113916214e+05
338     2.850887571182310930e+05
339     2.850867547755006235e+05
340     2.842482575310692191e+05
341     2.864932855852706125e+05
342     2.890239773001112626e+05
343     2.911253254720819532e+05
344     2.935023700191894313e+05
345     2.961488707201309735e+05
346     2.952929674885499408e+05
347     2.949105925197473844e+05
348     2.957465813548712758e+05
349     2.959286312513891608e+05
350     2.969411950379711343e+05
351     2.965437010377410916e+05
352     2.969754174873775919e+05
353     2.967065239514468121e+05
354     2.958683634570730501e+05
355     2.959535894672848517e+05
356     2.975005654716105200e+05
357     2.997279317949195392e+05
358     2.997774539999226108e+05
359     3.002199121791080688e+05
360     3.003814815624059993e+05
361     2.997306810671088751e+05
362     2.999388185115414672e+05
363     3.006624452693494968e+05
364     3.017504822390869958e+05
365     3.016348060309524881e+05
366     3.008107030122918077e+05
367     3.007273424045533175e+05
368     3.011794191435610992e+05
369     3.003632329522487707e+05
370     3.006773910027837846e+05
371     3.006539469131376827e+05
372     3.007212327068752493e+05
373     3.003472731890703435e+05
374     3.019693745958063519e+05
375     3.019029251617463888e+05
376     3.020042979340640595e+05
377     3.025234963634946034e+05
378     3.023327875098492368e+05
379     3.019352968359317165e+05
380     3.020230257971581887e+05
381     3.012302844210364274e+05
382     3.004416936801030533e+05
383     3.000412067682164488e+05
384     2.993469439273853204e+05
385     2.985693902454783674e+05
386     2.987490617027779808e+05
387     2.979770714951702394e+05
388     2.982109747650991776e+05
389     2.984983734499322600e+05
390     2.995006054803293082e+05
391     2.996937726414333447e+05
392     2.995754938106847694e+05
393     3.010529668315327144e+05
394     3.016705536794123473e+05
395     3.018215023062243708e+05
396     3.032023412855014903e+05
397     3.037844763342401129e+05
398     3.030211920975320973e+05
399     3.025241564021470840e+05
400     3.044253989917018916e+05
401     3.037958142073334893e+05
402     3.031738672921899124e+05
403     3.026965171430296614e+05
404     3.021561678568994976e+05
405     3.016266564101916156e+05
406     3.008837203982791980e+05
407     3.001444352423612145e+05
408     3.008591777470636298e+05
409     3.010688849517206545e+05
410     3.003345616788465995e+05
411     3.010261583414595225e+05
412     3.010066287901342148e+05
413     3.011643963263001060e+05
414     3.026252341373288073e+05
415     3.022539446691385238e+05
416     3.018844432448314037e+05
417     3.017469307268840494e+05
418     3.014237416430442245e+05
419     3.007043824192673201e+05
420     3.007280529091213248e+05
421     3.004123471581401536e+05
422     3.016159726184139727e+05
423     3.020950902751267422e+05
424     3.013826312586647109e+05
425     3.006735044071821612e+05
426     3.005631392688842607e+05
427     3.009206740403325530e+05
428     3.010222609241272439e+05
429     3.003205913717975491e+05
430     3.003929062704017269e+05
431     3.004789693596571451e+05
432     3.002185609578792937e+05
433     2.998161248040643404e+05
434     3.000603016722534085e+05
435     3.002805854842568515e+05
436     2.995918674462141353e+05
437     2.993453530875827419e+05
438     2.987483398445167695e+05
439     2.981265458882712992e+05
440     2.978597054322065669e+05
441     2.974361297786612413e+05
442     2.967631945504656760e+05
443     2.962614269328631926e+05
444     2.969218387014382752e+05
445     2.971409153010160662e+05
446     2.964746759178158827e+05
447     2.961128923113683122e+05
448     2.960551818523698603e+05
449     2.953958032120605349e+05
450     2.955989021653394448e+05
451     2.949434632274033502e+05
452     2.946084640586580499e+05
453     2.944844280176116736e+05
454     2.940457195022631786e+05
455     2.946572612567920005e+05
456     2.940110647916087182e+05
457     2.934699420143263997e+05
458     2.934858875733360182e+05
459     2.935550202801098931e+05
460     2.934287339270118973e+05
461     2.936683740911206114e+05
462     2.940031167883697199e+05
463     2.937756759352777735e+05
464     2.950604867762482609e+05
465     2.944259434513399610e+05
466     2.946170851487030159e+05
467     2.942465068942027865e+05
468     2.959031132800600608e+05
469     2.963340229799366207e+05
470     2.957035193829394411e+05
471     2.956936429152705823e+05
472     2.955727730305495788e+05
473     2.950247091993314098e+05
474     2.950031970287720324e+05
475     2.950972159906996530e+05
476     2.955247060707519995e+05
477     2.957585683304869453e+05
478     2.954753329053751659e+05
479     2.963294478188943467e+05
480     2.963799225025079213e+05
481     2.957637560576453689e+05
482     2.951501368750273832e+05
483     2.945390585645051324e+05
484     2.944314477579696104e+05
485     2.945160207868736470e+05
486     2.939100190000425209e+05
487     2.942127461224005674e+05
488     2.940875231435347814e+05
489     2.938445647021948243e+05
490     2.932448866791179753e+05
491     2.938187077984672505e+05
492     2.940015105039945920e+05
493     2.945643933633217821e+05
494     2.945261247107075760e+05
495     2.941388209948086296e+05
496     2.935458227740843431e+05
497     2.929551981113844085e+05
498     2.932553800394643913e+05
499     2.928633574380858918e+05
500     2.935939969691704027e+05
501     2.930079723656689748e+05
502     2.929231070228585741e+05
503     2.923407436001279857e+05
504     2.920673590014829533e+05
505     2.915937791700994130e+05
506     2.910174917490799562e+05
507     2.906831427441361593e+05
508     2.901887286727091996e+05
509     2.897334835723186843e+05
510     2.900154348369597574e+05
511     2.897760114118939964e+05
512     2.893577977081277058e+05
513     2.887937287497229991e+05
514     2.892089768263801816e+05
515     2.888346134835220291e+05
516     2.883233586551682092e+05
517     2.878275620983645786e+05
518     2.872718993470437708e+05
519     2.872157002095077187e+05
520     2.874722172856679535e+05
521     2.873178900554332067e+05
522     2.882120135752645438e+05
523     2.885926042204322293e+05
524     2.898719470161664067e+05
525     2.897567456053252681e+05
526     2.895784929957952700e+05
527     2.899375543796888669e+05
528     2.903703300548253465e+05
529     2.898214177895853645e+05
530     2.894595096893495647e+05
531     2.890012685706267948e+05
532     2.889960669340798631e+05
533     2.897901503601555596e+05
534     2.915497815630051191e+05
535     2.912260785175748751e+05
536     2.914174959199844743e+05
537     2.908748334840069874e+05
538     2.903341863811485237e+05
539     2.902540151589692687e+05
540     2.905453678728896775e+05
541     2.904057525837171706e+05
542     2.898699724440258578e+05
543     2.903420119125499623e+05
544     2.909431929745016387e+05
545     2.918815008376387996e+05
546     2.918796656780369231e+05
547     2.922503783389560995e+05
548     2.922549469540269929e+05
549     2.923374773845073651e+05
550     2.934310819434662117e+05
551     2.936230193292436888e+05
552     2.941836853961674497e+05
553     2.936517154104043730e+05
554     2.939276923305178061e+05
555     2.948072458768322831e+05
556     2.949735798283769982e+05
557     2.949870589571629534e+05
558     2.949397788738338859e+05
559     2.944121571170848329e+05
560     2.938864108948307694e+05
561     2.945087954549961723e+05
562     2.943198522667578654e+05
563     2.943125220333529287e+05
564     2.938498899440473178e+05
565     2.934606885968130082e+05
566     2.936791045964960358e+05
567     2.933353214803892188e+05
568     2.934369418482781039e+05
569     2.936386129068422015e+05
570     2.936702588947757031e+05
571     2.939527777012028964e+05
572     2.944469886517803534e+05
573     2.944294938412100892e+05
574     2.942085000102070044e+05
575     2.946079803909254260e+05
576     2.945002645957607310e+05
577     2.942169627036041347e+05
578     2.938088072521220311e+05
579     2.936450911665359745e+05
580     2.933767619813070633e+05
581     2.928718143849520129e+05
582     2.926221766733492841e+05
583     2.925789492701660492e+05
584     2.921751364821098978e+05
585     2.922728901323449682e+05
586     2.917741363519376027e+05
587     2.913577837367252796e+05
588     2.911907914362231968e+05
589     2.908712981778119574e+05
590     2.903782903084143763e+05
591     2.900372160151184071e+05
592     2.895472801478676847e+05
593     2.893664565617871704e+05
594     2.891031767579519073e+05
595     2.887505201170191867e+05
596     2.884296278286030283e+05
597     2.881132835912840674e+05
598     2.876314818214132101e+05
599     2.874234628137177788e+05
600     2.871270063548542676e+05
601     2.869297178314845078e+05
602     2.865184799701455631e+05
603     2.861648100325874984e+05
604     2.857990555799707654e+05
605     2.853776671337656444e+05
606     2.851960669784205966e+05
607     2.851013579066758975e+05
608     2.848770849481049809e+05
609     2.846212568519565393e+05
610     2.842632998263360350e+05
611     2.840757412025696831e+05
612     2.838776103883233736e+05
613     2.834145122951586964e+05
614     2.832625763458539150e+05
615     2.828019844834677642e+05
616     2.823985128389761085e+05
617     2.820099946788356174e+05
618     2.818074906721735606e+05
619     2.813522211405764101e+05
620     2.811970340456065605e+05
621     2.807559430619560299e+05
622     2.804402500005221809e+05
623     2.801356779213477857e+05
624     2.798254638019751292e+05
625     2.794143381098280079e+05
626     2.790864523427296081e+05
627     2.787064407958641532e+05
628     2.783261327652556938e+05
629     2.780662054290209198e+05
630     2.781118451786080259e+05
631     2.777867054340844625e+05
632     2.775570351229836233e+05
633     2.774114698028596467e+05
634     2.771662613459654385e+05
635     2.771161686998423538e+05
636     2.768570652202458587e+05
637     2.764559938881881535e+05
638     2.761922307172518340e+05
639     2.759647281759121688e+05
640     2.758569090320603573e+05
641     2.754626505322357407e+05
642     2.754007870192770497e+05
643     2.752166399118370609e+05
644     2.748363399433208397e+05
645     2.747211806798330508e+05
646     2.742959087765801232e+05
647     2.739662454631593428e+05
648     2.737733213961145375e+05
649     2.734275046104972134e+05
650     2.730121570462020463e+05
651     2.725980864254267653e+05
652     2.723983703673231066e+05
653     2.723081400253282627e+05
654     2.720242356256499188e+05
655     2.720683934855716070e+05
656     2.719202274925481761e+05
657     2.718009024216169491e+05
658     2.715371784120433731e+05
659     2.716335143979305285e+05
660     2.712600628794067306e+05
661     2.715856931960029760e+05
662     2.715631985132238478e+05
663     2.711536017421412980e+05
664     2.709809252602077904e+05
665     2.709582761113157030e+05
666     2.705684691769147175e+05
667     2.707624891853402369e+05
668     2.709215797234784695e+05
669     2.707836697528868681e+05
670     2.710279569538472570e+05
671     2.707857066949825967e+05
672     2.705663614062827546e+05
673     2.706621674253255478e+05
674     2.707705302611516090e+05
675     2.711813770571945352e+05
676     2.713267566557838582e+05
677     2.710540520254313014e+05
678     2.710320443586840993e+05
679     2.710018536081895581e+05
680     2.709758862369265989e+05
681     2.706205116328657605e+05
682     2.702871825411345344e+05
683     2.702172518587649683e+05
684     2.703319802588364109e+05
685     2.701204040933597717e+05
686     2.697266462652448099e+05
687     2.696583119365578750e+05
688     2.699609677762602805e+05
689     2.699429453840826172e+05
690     2.695517249114430742e+05
691     2.693460084970857133e+05
692     2.692919547669910826e+05
693     2.689033632966852747e+05
694     2.688238026629881933e+05
695     2.684370021838694811e+05
696     2.682756162927951082e+05
697     2.682212323390612146e+05
698     2.679813088132864214e+05
699     2.678862169342064299e+05
700     2.675035152165117324e+05
701     2.683615461324072094e+05
702     2.683225080377892591e+05
703     2.679408262185836211e+05
704     2.681565977175907465e+05
705     2.684111507712951861e+05
706     2.682885388004945708e+05
707     2.679090706689049839e+05
708     2.678761378386471770e+05
709     2.675882116360709188e+05
710     2.676123941891664872e+05
711     2.674216828085882007e+05
712     2.670461015553618781e+05
713     2.666715705835606204e+05
714     2.665489616207336658e+05
715     2.668169247030919651e+05
716     2.668686520542674116e+05
717     2.670707729268593248e+05
718     2.677800139083349495e+05
719     2.682232198565276922e+05
720     2.682808087762121577e+05
721     2.689206313946776208e+05
722     2.691580625098239980e+05
723     2.690993122456985875e+05
724     2.688923796899949084e+05
725     2.691082673588143662e+05
726     2.689655561878067674e+05
727     2.689477866969519528e+05
728     2.687914576332013821e+05
729     2.686818780846412992e+05
730     2.690691020045644254e+05
731     2.689965224468628876e+05
732     2.686290432644865359e+05
733     2.682625639132758370e+05
734     2.681810074761249707e+05
735     2.679931743232445442e+05
736     2.678564243938711588e+05
737     2.678548074687879998e+05
738     2.678174668631663080e+05
739     2.676324480837953743e+05
740     2.675115857283523073e+05
741     2.672602674916645628e+05
742     2.674141711734903511e+05
743     2.671493814470965881e+05
744     2.669808175477876794e+05
745     2.667262369213823695e+05
746     2.667541069959931192e+05
747     2.664912764122780645e+05
748     2.666094052592032822e+05
749     2.664417547239791020e+05
750     2.660864947780009825e+05
751     2.657321808696315275e+05
752     2.659755293056147639e+05
753     2.657132018104387680e+05
754     2.653607953594732098e+05
755     2.656799148566686781e+05
756     2.661845391976300161e+05
757     2.661828285878121969e+05
758     2.672089796844620723e+05
759     2.668569274878381984e+05
760     2.668361420763434144e+05
761     2.665392488106366945e+05
762     2.667814579270476825e+05
763     2.667604922405461548e+05
764     2.668148528848682763e+05
765     2.669030955814717454e+05
766     2.675614137403079076e+05
767     2.681978980376506806e+05
768     2.686245133771774126e+05
769     2.685936068526707822e+05
770     2.692345547346134554e+05
771     2.712882030950976769e+05
772     2.719563905342356884e+05
773     2.737475219646922196e+05
774     2.734681016463778215e+05
775     2.738864830768561806e+05
776     2.746461360851427307e+05
777     2.757199612055593170e+05
778     2.757845423390274518e+05
779     2.762158192755539203e+05
780     2.766287336677946150e+05
781     2.769261109310420579e+05
782     2.784582689728767145e+05
783     2.782390470683866297e+05
784     2.796386562692488660e+05
785     2.813718259609980742e+05
786     2.814694676170400344e+05
787     2.818418100115677807e+05
788     2.827978147986484109e+05
789     2.832378729898579768e+05
790     2.843083211513224524e+05
791     2.849481734780814731e+05
792     2.849933706315737218e+05
793     2.855195921996363904e+05
794     2.852770556104381103e+05
795     2.853533696346238721e+05
796     2.859211538577381871e+05
797     2.863344224939785199e+05
798     2.870249954717770452e+05
799     2.879171086747889640e+05
800     2.884474309492380708e+05
801     2.900115533668384305e+05
802     2.910639024100335082e+05
803     2.912928544844703283e+05
804     2.924496831008754671e+05
805     2.930022121038904297e+05
806     2.936300437230472453e+05
807     2.935335421567899175e+05
808     2.936688044922195841e+05
809     2.938443713022887823e+05
810     2.937203786427089944e+05
811     2.950042904230857966e+05
812     2.947479877399635152e+05
813     2.945486838507174398e+05
814     2.941868378380807117e+05
815     2.941425739973501768e+05
816     2.947864824987614993e+05
817     2.945530139681949513e+05
818     2.944101666239362676e+05
819     2.949913625204924610e+05
820     2.956598241082112654e+05
821     2.965695244934203802e+05
822     2.966424406326084863e+05
823     2.971564369809434866e+05
824     2.991893241820815019e+05
825     2.994437792339039152e+05
826     3.002956929445539135e+05
827     3.011136108297230094e+05
828     3.019154186640002299e+05
829     3.028635347726566833e+05
830     3.024986458640070050e+05
831     3.029849777156588971e+05
832     3.033175852505961084e+05
833     3.042334574448501226e+05
834     3.043429737213178305e+05
835     3.040302443325098720e+05
836     3.038900873728785664e+05
837     3.037714994120736956e+05
838     3.046433660433268524e+05
839     3.053307561088141520e+05
840     3.059515723652134766e+05
841     3.068359942554216250e+05
842     3.067539118790113134e+05
843     3.075429908163674409e+05
844     3.077889899851738010e+05
845     3.097709623103843187e+05
846     3.096461939029101050e+05
847     3.096727459744011285e+05
848     3.099409732804807136e+05
849     3.107119721846756293e+05
850     3.108025548797166557e+05
851     3.109480044289618963e+05
852     3.109720036428299500e+05
853     3.111428713510602247e+05
854     3.111152136446017539e+05
855     3.107513376934116241e+05
856     3.109770534074362367e+05
857     3.126108684468840365e+05
858     3.122465220329537406e+05
859     3.122153891093085404e+05
860     3.127767382803602377e+05
861     3.127589634604061139e+05
862     3.137504891512526665e+05
863     3.135946196016657050e+05
864     3.132316603631597245e+05
865     3.140014720665381756e+05
866     3.138125592260182020e+05
867     3.142222103555171052e+05
868     3.139781072311073658e+05
869     3.144106929919174872e+05
870     3.149197676439370262e+05
871     3.168193557293976774e+05
872     3.171836345539825270e+05
873     3.177875488895859453e+05
874     3.181358765340629616e+05
875     3.196632301790660131e+05
876     3.201499286447571358e+05
877     3.200420188121097744e+05
878     3.203263338457377395e+05
879     3.207166168224274879e+05
880     3.213070090626264573e+05
881     3.214135177926068427e+05
882     3.214893565918345703e+05
883     3.215609528822117718e+05
884     3.215887801554288599e+05
885     3.217764038303659763e+05
886     3.215423504577308777e+05
887     3.212462578679709695e+05
888     3.221915590349701815e+05
889     3.220279581456345040e+05
890     3.221148262161018210e+05
891     3.218084421337445383e+05
892     3.221574767953476403e+05
893     3.224833281088828808e+05
894     3.226060113257302437e+05
895     3.222837359352428466e+05
896     3.225845410649275291e+05
897     3.224420347906217212e+05
898     3.220994218465862214e+05
899     3.218261639286529389e+05
900     3.214685771708585089e+05
901     3.216567832623731811e+05
902     3.219992083816924132e+05
903     3.223182880767755560e+05
904     3.220725051193916006e+05
905     3.221880355667293188e+05
906     3.225020156097932486e+05
907     3.225116253882803721e+05
908     3.225725853110947646e+05
909     3.222676252634067787e+05
910     3.220869330930907163e+05
911     3.217333812103881501e+05
912     3.214866437661306700e+05
913     3.211345186855651555e+05
914     3.208933091143668862e+05
915     3.205426014712063479e+05
916     3.202997079897174262e+05
917     3.202926609085985692e+05
918     3.208446450221188134e+05
919     3.205706365917535149e+05
920     3.202221788143008598e+05
921     3.198801955238395603e+05
922     3.198760767049058923e+05
923     3.199252675531335990e+05
924     3.198762957780875149e+05
925     3.199683310325008351e+05
926     3.196414541403535986e+05
927     3.194515444837517571e+05
928     3.195603535109414370e+05
929     3.195627949132922804e+05
930     3.192741781094213948e+05
931     3.192203830315126688e+05
932     3.189854133167146938e+05
933     3.189443529656225001e+05
934     3.186836296664162073e+05
935     3.184423463611174957e+05
936     3.181021243373375619e+05
937     3.180303122674076003e+05
938     3.179940900688672555e+05
939     3.182681556841561105e+05
940     3.182562575949774473e+05
941     3.185423599738063058e+05
942     3.183680181427287753e+05
943     3.181464570534242666e+05
944     3.181294146118116914e+05
945     3.178571720943631954e+05
946     3.180736232299905969e+05
947     3.178995799585925997e+05
948     3.175642594861895777e+05
949     3.172296486789507908e+05
950     3.176310243677778053e+05
951     3.172970536532836268e+05
952     3.170274081470873207e+05
953     3.168080626201140112e+05
954     3.169519862103899941e+05
955     3.166597590014970046e+05
956     3.163417432930184877e+05
957     3.168047733147480758e+05
958     3.169895625830402132e+05
959     3.169327021987084881e+05
960     3.167387487558426801e+05
961     3.170235668043753831e+05
962     3.168404675083862967e+05
963     3.175752447632891708e+05
964     3.174202142338352278e+05
965     3.175407364400458173e+05
966     3.181718886025759275e+05
967     3.182346256874580868e+05
968     3.180032159008808085e+05
969     3.183191303396497970e+05
970     3.181725070040569408e+05
971     3.179334400742408470e+05
972     3.182196208066516556e+05
973     3.192759519031853415e+05
974     3.198899093140882906e+05
975     3.198279561366002308e+05
976     3.205491392599495011e+05
977     3.206191859124614857e+05
978     3.205010804923457908e+05
979     3.204691742246824433e+05
980     3.203893423801861936e+05
981     3.205640309333142941e+05
982     3.205231711207630578e+05
983     3.204659729548554169e+05
984     3.202858300146399997e+05
985     3.199881451269790414e+05
986     3.197519099379224936e+05
987     3.196820253145452589e+05
988     3.193584496051341994e+05
989     3.193051665736418217e+05
990     3.192158577844190877e+05
991     3.191324861577762640e+05
992     3.191486826039468287e+05
993     3.190260250842529931e+05
994     3.187713789704716182e+05
995     3.189423426595265628e+05
996     3.189086316774520674e+05
997     3.188636861129182507e+05
998     3.187286738344563637e+05
999     3.186394771457709721e+05
1000    3.188929123227184173e+05
1001    3.187667287415377796e+05
1002    3.188464614907921641e+05
1003    3.187149731573043973e+05
1004    3.185550767129373271e+05
1005    3.183894245525145670e+05
1006    3.181884125763796037e+05
1007    3.180322280296538956e+05
1008    3.179052503470666124e+05
1009    3.176945871535527986e+05
1010    3.175451709578344016e+05
1011    3.176247814834716264e+05
1012    3.177965942854813766e+05
1013    3.174828701295490609e+05
1014    3.172808287773048505e+05
1015    3.169835593518967507e+05
1016    3.167478376477202983e+05
1017    3.165506216230694554e+05
1018    3.165720143412452308e+05
1019    3.162613421859015943e+05
1020    3.159512769330684096e+05
1021    3.156418183508123620e+05
1022    3.153765972171626054e+05
1023    3.150683048032345250e+05
1024    3.148377611711245845e+05
1025    3.145790285254967748e+05
1026    3.143766710428175866e+05
1027    3.140742936416553566e+05
1028    3.139506210867743939e+05
1029    3.137237077779958490e+05
1030    3.135497074004063033e+05
1031    3.134455792835240136e+05
1032    3.131418443513774546e+05
1033    3.128626194489405607e+05
1034    3.126037329020224279e+05
1035    3.124079671020379174e+05
1036    3.121064058304296923e+05
1037    3.118520208848724724e+05
1038    3.116925644121273654e+05
1039    3.114273600543915527e+05
1040    3.111458485463855322e+05
1041    3.108621544943514746e+05
1042    3.106479363275595242e+05
1043    3.104443228414401528e+05
1044    3.101469528423297452e+05
1045    3.099425339478970272e+05
1046    3.097170276205340051e+05
1047    3.094387067414437188e+05
1048    3.091434307779291994e+05
1049    3.088487177602166194e+05
1050    3.086685998150289524e+05
1051    3.083749007719624788e+05
1052    3.080893602980647120e+05
1053    3.078217364580294234e+05
1054    3.076822442345846794e+05
1055    3.073905924541227869e+05
1056    3.071587672083118814e+05
1057    3.068681631038160995e+05
1058    3.066571625809616526e+05
1059    3.064544071634300635e+05
1060    3.061652929867613711e+05
1061    3.058767234681519330e+05
1062    3.055886960839162348e+05
1063    3.054243546541096875e+05
1064    3.051630997812332935e+05
1065    3.049713649973313441e+05
1066    3.047219966797360685e+05
1067    3.044363989288390148e+05
1068    3.042338684076290810e+05
1069    3.042016263108533458e+05
1070    3.041401152576784953e+05
1071    3.039464725253812503e+05
1072    3.036971946483774809e+05
1073    3.036414920838122489e+05
1074    3.034347284467534046e+05
1075    3.031647682622123393e+05
1076    3.029415272199679166e+05
1077    3.027200828208601451e+05
1078    3.024885725222560577e+05
1079    3.022376003899694770e+05
1080    3.019870930314394063e+05
1081    3.017077273889079806e+05
1082    3.015271241019765730e+05
1083    3.012486988275595941e+05
1084    3.010435775568202953e+05
1085    3.007852394541924587e+05
1086    3.005273753634257591e+05
1087    3.003481313020986854e+05
1088    3.000720687375770067e+05
1089    2.997965136196698877e+05
1090    2.995214625077697565e+05
1091    2.993231366409311886e+05
1092    2.991080281682027271e+05
1093    2.988580073773019831e+05
1094    2.986373165422993479e+05
1095    2.985040417759900447e+05
1096    2.982894249095407431e+05
1097    2.981717558443963062e+05
1098    2.981209871926550986e+05
1099    2.979398437860916601e+05
1100    2.976689851481578080e+05
1101    2.974154018943471019e+05
1102    2.971957435273277806e+05
1103    2.969478745334032574e+05
1104    2.968349923820133554e+05
1105    2.966158689034419367e+05
1106    2.963971410383781185e+05
1107    2.961293859234084957e+05
1108    2.959167760640195338e+05
1109    2.956808382812723867e+05
1110    2.954357444917265093e+05
1111    2.952476576887894771e+05
1112    2.950020884915741044e+05
1113    2.947370335201458074e+05
1114    2.944724538768812781e+05
1115    2.942564288316983730e+05
1116    2.941720481246054987e+05
1117    2.939086855838748161e+05
1118    2.936457930157008814e+05
1119    2.934820205737618962e+05
1120    2.932199789048206294e+05
1121    2.929958800638443790e+05
1122    2.927347385838207556e+05
1123    2.924740606382793048e+05
1124    2.923804453009180143e+05
1125    2.921585839814295759e+05
1126    2.919507000926623587e+05
1127    2.916916432763044722e+05
1128    2.916729573119844426e+05
1129    2.914371157632417744e+05
1130    2.912776468093001749e+05
1131    2.910358278032708913e+05
1132    2.908973267952678143e+05
1133    2.906780301069481648e+05
1134    2.906181231350802700e+05
1135    2.903846996590051567e+05
1136    2.902205702314958326e+05
1137    2.899653146208846010e+05
1138    2.897105079754830222e+05
1139    2.894864029778388795e+05
1140    2.892821894753433298e+05
1141    2.890555311629595817e+05
1142    2.888024117012216593e+05
1143    2.885497356839305721e+05
1144    2.883862975396897527e+05
1145    2.881495942743500345e+05
1146    2.879084113422336522e+05
1147    2.876660439145605196e+05
1148    2.874154583359548706e+05
1149    2.871653089222700219e+05
1150    2.869342298490732210e+05
1151    2.867608757540131919e+05
1152    2.865366005290963221e+05
1153    2.862880828275872627e+05
1154    2.860796857893984998e+05
1155    2.859342629282902926e+05
1156    2.857483214368696790e+05
1157    2.855320215167592396e+05
1158    2.852854417919172556e+05
1159    2.850392869665002800e+05
1160    2.848070086623745738e+05
1161    2.845616894152205205e+05
1162    2.843167931478636456e+05
1163    2.841404505299357115e+05
1164    2.839182701237325673e+05
1165    2.837641924100316246e+05
1166    2.836398245165914996e+05
1167    2.833967684365403256e+05
1168    2.832995439335216652e+05
1169    2.831675827331044711e+05
1170    2.829845466947316891e+05
1171    2.827527659319537343e+05
1172    2.826092803192138090e+05
1173    2.823683445269072545e+05
1174    2.823552577692131745e+05
1175    2.821149496316118748e+05
1176    2.819874391951904399e+05
1177    2.817478511202111840e+05
1178    2.815451138442158117e+05
1179    2.813154107683491893e+05
1180    2.811584734080199269e+05
1181    2.809804998656454845e+05
1182    2.807427760356582585e+05
1183    2.806530232537973789e+05
1184    2.804159792833538377e+05
1185    2.802529809733707807e+05
1186    2.802601798079906148e+05
1187    2.800240672271213843e+05
1188    2.798857791425020550e+05
1189    2.797298400944043533e+05
1190    2.796458211722651613e+05
1191    2.794994588691496174e+05
1192    2.793085214658794575e+05
1193    2.791276002385190804e+05
1194    2.789228025452659349e+05
1195    2.786893903398319380e+05
1196    2.784960108702928992e+05
1197    2.782699445429249317e+05
1198    2.780376598324017250e+05
1199    2.779180856890298310e+05
1200    2.778194189550970914e+05
1201    2.775960949238466565e+05
1202    2.774185463669771561e+05
1203    2.772795431045471341e+05
1204    2.770962924153538188e+05
1205    2.769216008495841525e+05
1206    2.767471990930010797e+05
1207    2.765780466389149660e+05
1208    2.763490851229131804e+05
1209    2.763411402334736194e+05
1210    2.763559155621115933e+05
1211    2.763503573827419896e+05
1212    2.765296976242453093e+05
1213    2.767933796231617453e+05
1214    2.766275307467300445e+05
1215    2.768779491658920306e+05
1216    2.767757973176289815e+05
1217    2.768582812789478339e+05
1218    2.770274430425019236e+05
1219    2.771072167172904592e+05
1220    2.769225850713741384e+05
1221    2.769359204162341775e+05
1222    2.770103280659631710e+05
1223    2.769397102688261075e+05
1224    2.768366681704641669e+05
1225    2.768076631066492992e+05
1226    2.769671105250091641e+05
1227    2.769433526959621813e+05
1228    2.768209021735793212e+05
1229    2.767712470664834254e+05
1230    2.769736765049220412e+05
1231    2.769220542560173199e+05
1232    2.768492946175787365e+05
1233    2.768423503391573322e+05
1234    2.768839259839257575e+05
1235    2.766935555757422699e+05
1236    2.765044043268550304e+05
1237    2.765320198153686360e+05
1238    2.770508448641660507e+05
1239    2.772284260373256984e+05
1240    2.770048514050680096e+05
1241    2.768945908444613451e+05
1242    2.766716424656485324e+05
1243    2.765691022159708664e+05
1244    2.767447331783628906e+05
1245    2.768359865731063765e+05
1246    2.773181767072592047e+05
1247    2.772400131077234400e+05
1248    2.773734913897445076e+05
1249    2.774760693057637545e+05
1250    2.778032061398231890e+05
1251    2.781424497054909589e+05
1252    2.782952082844929537e+05
1253    2.780731000325275818e+05
1254    2.782355287959769485e+05
1255    2.781518817099423613e+05
1256    2.786209298287853599e+05
1257    2.788418517081371392e+05
1258    2.788529651184807881e+05
1259    2.790635495575002278e+05
1260    2.790612307417316479e+05
1261    2.789317464315315592e+05
1262    2.790010231008479022e+05
1263    2.787801140586749534e+05
1264    2.788083153912703274e+05
1265    2.788821031017195783e+05
1266    2.786969295373284258e+05
1267    2.786820638900985359e+05
1268    2.786530475132168503e+05
1269    2.784334596653354238e+05
1270    2.783275622368414770e+05
1271    2.781709497237831820e+05
1272    2.782073351991074742e+05
1273    2.785074261714178720e+05
1274    2.784564789612958557e+05
1275    2.786752867497887346e+05
1276    2.788125306314216577e+05
1277    2.786727444796196651e+05
1278    2.786742724170846632e+05
1279    2.784857723595096613e+05
1280    2.784216455760324607e+05
1281    2.782518548132842989e+05
1282    2.780348107679949026e+05
1283    2.778181043673005188e+05
1284    2.777966230108503369e+05
1285    2.776104914256049669e+05
1286    2.776508555292977835e+05
1287    2.776333931438016589e+05
1288    2.774420215771333897e+05
1289    2.772428907713154913e+05
1290    2.770279682146760169e+05
1291    2.769997220602902235e+05
1292    2.767853223235323094e+05
1293    2.766575652990087401e+05
1294    2.766400871576009085e+05
1295    2.765963686424507177e+05
1296    2.767371279586713063e+05
1297    2.773841451017031795e+05
1298    2.777111246439809911e+05
1299    2.775661424670635606e+05
1300    2.778234729903214611e+05
1301    2.778793700556358672e+05
1302    2.779887979099554359e+05
1303    2.778097550284836325e+05
1304    2.788322417477848940e+05
1305    2.788657181333234184e+05
1306    2.789780992199578322e+05
1307    2.788929038729117601e+05
1308    2.789183097595438594e+05
1309    2.790748245587851852e+05
1310    2.788617997133960016e+05
1311    2.791863503050735453e+05
1312    2.792231687969688210e+05
1313    2.790891780252284952e+05
1314    2.788767886647612904e+05
1315    2.791858127691157279e+05
1316    2.796782113327035913e+05
1317    2.799147419692082331e+05
1318    2.800878759744569543e+05
1319    2.800544359782505198e+05
1320    2.801295987249987666e+05
1321    2.808081695862197666e+05
1322    2.807762175637551118e+05
1323    2.814902984912294778e+05
1324    2.821162968705367530e+05
1325    2.819033967308165156e+05
1326    2.817396786011293880e+05
1327    2.818141854335638927e+05
1328    2.819499205867319251e+05
1329    2.819406599986417568e+05
1330    2.818365120823809411e+05
1331    2.819485160526172840e+05
1332    2.817368385133548290e+05
1333    2.815441685695617925e+05
1334    2.819670840014974819e+05
1335    2.822454063526002574e+05
1336    2.828425931788649177e+05
1337    2.840142356885478948e+05
1338    2.859013113099248149e+05
1339    2.861943873440654133e+05
1340    2.873836911159520969e+05
1341    2.875041727811952005e+05
1342    2.878855088275325252e+05
1343    2.881881514831925160e+05
1344    2.879737355127681512e+05
1345    2.878240214114615228e+05
1346    2.876101836521172663e+05
1347    2.881421554241612321e+05
1348    2.879283989761908306e+05
1349    2.882088258720678277e+05
1350    2.886371566187140415e+05
1351    2.889113276029562694e+05
1352    2.902095319631199818e+05
1353    2.912804063270201441e+05
1354    2.913355190915392595e+05
1355    2.917326763059322839e+05
1356    2.924547573050002102e+05
1357    2.925979064810003620e+05
1358    2.930380813343565678e+05
1359    2.936779157067845226e+05
1360    2.949150447261682129e+05
1361    2.950739452881473699e+05
1362    2.953516555389519781e+05
1363    2.955405420119417831e+05
1364    2.960351807119331206e+05
1365    2.961602705499626463e+05
1366    2.960270421608538018e+05
1367    2.960167610267858254e+05
1368    2.966210542535897694e+05
1369    2.970535370645257644e+05
1370    2.970497622559636948e+05
1371    2.975527013612136361e+05
1372    2.983072378109502024e+05
1373    2.991211996168504702e+05
1374    2.996424344358273665e+05
1375    2.999049810805837624e+05
1376    3.001746660106393392e+05
1377    3.005584546046042815e+05
1378    3.004788794666251051e+05
1379    3.007388647912237211e+05
1380    3.006812346666306257e+05
1381    3.007100608678501449e+05
1382    3.013043203530992614e+05
1383    3.020135375149049214e+05
1384    3.027536426723672776e+05
1385    3.036403740817043581e+05
1386    3.044656092612827197e+05
1387    3.044285584402471432e+05
1388    3.050800765620890888e+05
1389    3.053928992627649568e+05
1390    3.063230807752758847e+05
1391    3.066710818799028057e+05
1392    3.065053714751913794e+05
1393    3.068174182671212475e+05
1394    3.067363759783040150e+05
1395    3.069931625563523266e+05
1396    3.079774093507627840e+05
1397    3.086244684556777938e+05
1398    3.086960098221401568e+05
1399    3.091666219803917920e+05
1400    3.104378300986458198e+05
1401    3.103595905973270419e+05
1402    3.114577811317531741e+05
1403    3.121313517345768632e+05
1404    3.136046987321234192e+05
1405    3.136680098393870285e+05
1406    3.137750902236859547e+05
1407    3.136119508026417461e+05
1408    3.151931360807738383e+05
1409    3.153767609674469568e+05
1410    3.158240905709255603e+05
1411    3.166623715226446511e+05
1412    3.176318793274454656e+05
1413    3.179333412157727289e+05
1414    3.183774385111068259e+05
1415    3.181524429676508298e+05
1416    3.182824445791156031e+05
1417    3.192323073060442694e+05
1418    3.196550848533709650e+05
1419    3.200068477624625084e+05
1420    3.214199581340785953e+05
1421    3.215610066092677880e+05
1422    3.220014151910223300e+05
1423    3.234000037783231819e+05
1424    3.239417893289982458e+05
1425    3.237144684766747523e+05
1426    3.235255179850840359e+05
1427    3.246235576624736423e+05
1428    3.245793091220659553e+05
1429    3.243521787857323652e+05
1430    3.244027768911905587e+05
1431    3.254845403248635703e+05
1432    3.260775768382592360e+05
1433    3.266925608888517600e+05
1434    3.286811656786261010e+05
1435    3.291821900598431821e+05
1436    3.305393106011978816e+05
1437    3.311562729674917646e+05
1438    3.313486858601410640e+05
1439    3.327860780897357035e+05
1440    3.325549978762648534e+05
1441    3.335310172733637155e+05
1442    3.360386578385508619e+05
1443    3.361860414437173749e+05
1444    3.367298359690555371e+05
1445    3.369658537514521158e+05
1446    3.371430273147245171e+05
1447    3.369100552852909896e+05
1448    3.367275200139313820e+05
1449    3.371744661480518989e+05
1450    3.371952699753227062e+05
1451    3.381069541988436831e+05
1452    3.389771724145638291e+05
1453    3.387438901389576495e+05
1454    3.403714240469545475e+05
1455    3.405758188473556074e+05
1456    3.415489339171311003e+05
1457    3.416882493229491520e+05
1458    3.429287716681736638e+05
1459    3.437501252781682415e+05
1460    3.439093955408897600e+05
1461    3.440902020095390617e+05
1462    3.443010629690898932e+05
1463    3.441669214499681839e+05
1464    3.439318268776022596e+05
1465    3.449329672458895948e+05
1466    3.463724942062482587e+05
1467    3.467363307434802991e+05
1468    3.478240228863928351e+05
1469    3.483688361262374674e+05
1470    3.492202043112121755e+05
1471    3.499718695936658769e+05
1472    3.513552100497783395e+05
1473    3.511167226693588891e+05
1474    3.511048043109169812e+05
1475    3.529899824322295026e+05
1476    3.536763048085322953e+05
1477    3.537033472911019344e+05
1478    3.549875528494257596e+05
1479    3.555446784888668335e+05
1480    3.569538916681853589e+05
1481    3.574041839762334712e+05
1482    3.586392357622623676e+05
1483    3.591825112952194759e+05
1484    3.592146010440576938e+05
1485    3.591019235565072158e+05
1486    3.599354979809507495e+05
1487    3.604958634393889806e+05
1488    3.616968244268780691e+05
1489    3.618747924971657339e+05
1490    3.618422247444271925e+05
1491    3.615995987155004404e+05
1492    3.624461156470262213e+05
1493    3.632886339996143943e+05
1494    3.646493334659170359e+05
1495    3.644055132726964075e+05
1496    3.653916937554413453e+05
1497    3.651476725176097243e+05
1498    3.655345533595387242e+05
1499    3.652907527317944332e+05
1500    3.654447620600138325e+05
1501    3.656217992554338998e+05
1502    3.660323881622831686e+05
1503    3.659850966692338116e+05
1504    3.662130497680951376e+05
1505    3.664021958749628975e+05
1506    3.666643115369853913e+05
1507    3.690699602214025217e+05
1508    3.692907136696782545e+05
1509    3.694842375452244305e+05
1510    3.726787663143721293e+05
1511    3.724321847127215588e+05
1512    3.727904560394068249e+05
1513    3.727158629369233968e+05
1514    3.728926857996312901e+05
1515    3.727111744596816716e+05
1516    3.734527517789826379e+05
1517    3.742074201141129015e+05
1518    3.739609231766319717e+05
1519    3.744499118659126107e+05
1520    3.760596970262331306e+05
1521    3.767472914351017098e+05
1522    3.772272009079337004e+05
1523    3.769795086810912471e+05
1524    3.773019507168558193e+05
1525    3.776692802134235390e+05
1526    3.785632890791460522e+05
1527    3.787192557601453736e+05
1528    3.805870997289681691e+05
1529    3.803381904762839549e+05
1530    3.805335862289615325e+05
1531    3.802850414496737649e+05
1532    3.808693600281663239e+05
1533    3.809952194787105545e+05
1534    3.813497809527214267e+05
1535    3.811013690305662458e+05
1536    3.811556421751113376e+05
1537    3.813012673882507952e+05
1538    3.816727316789235920e+05
1539    3.826208800814996939e+05
1540    3.823724388465122320e+05
1541    3.827443775107458932e+05
1542    3.828036943992975866e+05
1543    3.835421996354992152e+05
1544    3.842519493636037223e+05
1545    3.841352071513842093e+05
1546    3.846053781305641169e+05
1547    3.845778501088310732e+05
1548    3.857977152441376238e+05
1549    3.861615085412153276e+05
1550    3.873217232015092741e+05
1551    3.870720204078217503e+05
1552    3.872493397941929288e+05
1553    3.909108895497799385e+05
1554    3.906593807256166474e+05
1555    3.916373082164710504e+05
1556    3.915186485086331959e+05
1557    3.912672134706137585e+05
1558    3.917281416193178156e+05
1559    3.917005888063469902e+05
1560    3.935884328274976579e+05
1561    3.938699991941533517e+05
1562    3.940741166703617200e+05
1563    3.956915838986053714e+05
1564    3.969067173132029129e+05
1565    3.966530949164838530e+05
1566    3.972338646165026585e+05
1567    3.979497169075162383e+05
1568    3.982848244075753610e+05
1569    4.013635222318031592e+05
1570    4.015289776679924107e+05
1571    4.022197775642212946e+05
1572    4.019639341720995144e+05
1573    4.021976241658118088e+05
1574    4.047792210030449787e+05
1575    4.050381144670792855e+05
1576    4.065342933746090275e+05
1577    4.062765482840404729e+05
1578    4.084712129287438584e+05
1579    4.084438894171068096e+05
1580    4.088785479330195230e+05
1581    4.095544609533288749e+05
1582    4.101323913427547668e+05
1583    4.107539839605264715e+05
1584    4.116605309260192444e+05
1585    4.131551497562789009e+05
1586    4.139210859653124935e+05
1587    4.141569625026413123e+05
1588    4.144224150920758257e+05
1589    4.141616463240823359e+05
1590    4.157021285449087154e+05
1591    4.162146412563350168e+05
1592    4.160022055523455492e+05
1593    4.173350454125239630e+05
1594    4.180162934775184258e+05
1595    4.184974810861417791e+05
1596    4.182352888969923370e+05
1597    4.195806580374545301e+05
1598    4.195981541371768108e+05
1599    4.202850915661972831e+05
1600    4.200224346488501178e+05
1601    4.209904016996242572e+05
1602    4.208415112248778460e+05
1603    4.217471190813249559e+05
1604    4.238731176938994904e+05
1605    4.243504899380852585e+05
1606    4.243783711409374955e+05
1607    4.242043595864755334e+05
1608    4.245307951543866657e+05
1609    4.249568306513362331e+05
1610    4.251785768196407007e+05
1611    4.259354296395419515e+05
1612    4.272862176233588252e+05
1613    4.277313752443487174e+05
1614    4.282310402413299307e+05
1615    4.287560182562042028e+05
1616    4.288676862970828661e+05
1617    4.287043100997947040e+05
1618    4.286810688163244631e+05
1619    4.289617475946213817e+05
1620    4.303920998775829794e+05
1621    4.307168885123314685e+05
1622    4.325361642157172901e+05
1623    4.334205434812395251e+05
1624    4.342291845284082228e+05
1625    4.349794300709197996e+05
1626    4.366048314243906061e+05
1627    4.366559605097324820e+05
1628    4.364729135014232597e+05
1629    4.370229411912662908e+05
1630    4.375031901075521018e+05
1631    4.376767951048717950e+05
1632    4.381852926786260796e+05
1633    4.400363762588198879e+05
1634    4.410999435534679214e+05
1635    4.411909939244918642e+05
1636    4.414739835270594340e+05
1637    4.416980058364651632e+05
1638    4.428648624881790602e+05
1639    4.429276181325258221e+05
1640    4.457052311001077760e+05
1641    4.454336883944455185e+05
1642    4.465364262467961526e+05
1643    4.478506655263851280e+05
1644    4.495977178683972452e+05
1645    4.494572182637705700e+05
1646    4.518704152950572898e+05
1647    4.533449500392384944e+05
1648    4.558769709391276701e+05
1649    4.564897684385577450e+05
1650    4.569880157727882615e+05
1651    4.568363468855462270e+05
1652    4.579645900708534173e+05
1653    4.583589242994158412e+05
1654    4.612045767281220178e+05
1655    4.613940797092845314e+05
1656    4.616816046036662301e+05
1657    4.621003486303843092e+05
1658    4.620705010866573430e+05
1659    4.640667390024198103e+05
1660    4.649054414550378569e+05
1661    4.651908332036086940e+05
1662    4.649109474444552907e+05
1663    4.693952185256003868e+05
1664    4.695112808651546366e+05
1665    4.698558221949440194e+05
1666    4.700011078989076777e+05
1667    4.707574439778313972e+05
1668    4.718903516604013275e+05
1669    4.731976997063558083e+05
1670    4.736454827408676501e+05
1671    4.750967596759187290e+05
1672    4.756846297167098382e+05
1673    4.765196034103317652e+05
1674    4.788929021301358007e+05
1675    4.818307030990353087e+05
1676    4.864663450576990726e+05
1677    4.879975531120758387e+05
1678    4.882244424824881135e+05
1679    4.889284716831191326e+05
1680    4.893034526177307125e+05
1681    4.892502124532916932e+05
1682    4.891306803921572282e+05
1683    4.906223287977536093e+05
1684    4.931002550656179083e+05
1685    4.939036772879480268e+05
1686    4.937805563926331233e+05
1687    4.948229012881551753e+05
1688    4.958579660015619593e+05
1689    4.960551444214122021e+05
1690    4.968675106727254461e+05
1691    4.976080536845988827e+05
1692    4.973139448626859812e+05
1693    4.981305352762025432e+05
1694    5.004416461274588364e+05
1695    5.004029488843624131e+05
1696    5.001079223249129718e+05
1697    5.010146282911527669e+05
1698    5.025951817798943957e+05
1699    5.037698243043877301e+05
1700    5.068605467038676143e+05
1701    5.084380744077559211e+05
1702    5.107095312500466243e+05
1703    5.107902277220211690e+05
1704    5.111220954415725428e+05
1705    5.132036895232513198e+05
1706    5.135039562291723560e+05
1707    5.148286013852976030e+05
1708    5.145271999810062116e+05
1709    5.162121710728600156e+05
1710    5.159102958479412482e+05
1711    5.158839131361862528e+05
1712    5.168620318314427859e+05
1713    5.178809700611482840e+05
1714    5.247645415298752487e+05
1715    5.257600975408115191e+05
1716    5.284625235461033881e+05
1717    5.285733465018419083e+05
1718    5.312362359692414757e+05
1719    5.333042455708968919e+05
1720    5.349340021299513755e+05
1721    5.353697760058660060e+05
1722    5.364506518457956845e+05
1723    5.364742765155378729e+05
1724    5.374329651098973118e+05
1725    5.376231875742769334e+05
1726    5.377797696449508658e+05
1727    5.443691577721317299e+05
1728    5.457079995394509751e+05
1729    5.459027483900724910e+05
1730    5.469491069625515956e+05
1731    5.500379193703341298e+05
1732    5.503598823984414339e+05
1733    5.534335516930470476e+05
1734    5.544782356430402724e+05
1735    5.556775828205986181e+05
1736    5.567440844916190254e+05
1737    5.570033774174965220e+05
1738    5.581790367182274349e+05
1739    5.599264081493836129e+05
1740    5.614616227185339667e+05
1741    5.652298784430576488e+05
1742    5.649054424080257304e+05
1743    5.655296048438776052e+05
1744    5.669412189866246190e+05
1745    5.679146224185373867e+05
1746    5.700661195246942807e+05
1747    5.718130805389609886e+05
1748    5.732780640869478229e+05
1749    5.737853033949534874e+05
1750    5.756643846248057671e+05
1751    5.772128988973220112e+05
1752    5.783187154556101887e+05
1753    5.790040599789087428e+05
1754    5.786740783712747507e+05
1755    5.783445036690098932e+05
1756    5.780152868757542456e+05
1757    5.776864443779486464e+05
1758    5.799653413533188868e+05
1759    5.809992260137023404e+05
1760    5.810393697287533432e+05
1761    5.827587922258055769e+05
1762    5.824283127828028519e+05
1763    5.833471567007655976e+05
1764    5.838404781488529406e+05
1765    5.835097574544519885e+05
1766    5.836973210308742709e+05
1767    5.837426235894743586e+05
1768    5.845367217573063681e+05
1769    5.867937256704540923e+05
1770    5.868675161477965303e+05
1771    5.869412351844337536e+05
1772    5.880163655975819565e+05
1773    5.888613237620814471e+05
1774    5.894619544186395360e+05
1775    5.891299378202358494e+05
1776    5.910322470994023606e+05
1777    5.918740614451281726e+05
1778    5.919891210161899216e+05
1779    5.921040253887978615e+05
1780    5.934186535416195402e+05
1781    5.945206295009584865e+05
1782    5.968028648839410162e+05
1783    5.964682734041709919e+05
1784    5.971340365684047574e+05
1785    5.972216572799718706e+05
1786    5.978980598221684340e+05
1787    5.982794385685261805e+05
1788    5.990635690864640055e+05
1789    6.000013806605853606e+05
1790    6.006560456249018898e+05
1791    6.003207263707468519e+05
1792    6.006811551899570040e+05
1793    6.006497057801437331e+05
1794    6.024980703770277323e+05
1795    6.024656321633098414e+05
1796    6.021302407416170463e+05
1797    6.046051787302481243e+05
1798    6.042689476028402569e+05
1799    6.046002417082225438e+05
1800    6.042643659609539900e+05
1801    6.040470992312445305e+05
1802    6.052131372680624481e+05
1803    6.056626189280535327e+05
1804    6.073650639668537769e+05
1805    6.076802494147235993e+05
1806    6.083332073431306053e+05
1807    6.079965383547395468e+05
1808    6.077590755369865801e+05
1809    6.075960257171479752e+05
1810    6.078102116594993277e+05
1811    6.074745965517221484e+05
1812    6.087216444486748660e+05
1813    6.097398426135490881e+05
1814    6.114633881442155689e+05
1815    6.120803914651864907e+05
1816    6.121356938465684652e+05
1817    6.140119525218850467e+05
1818    6.145397081502152141e+05
1819    6.143868755574323004e+05
1820    6.144119965542233549e+05
1821    6.148955848465890158e+05
1822    6.151747735544326715e+05
1823    6.154494039545905543e+05
1824    6.163199402762259124e+05
1825    6.170020252716388786e+05
1826    6.178272835791067919e+05
1827    6.176174466715509770e+05
1828    6.172979192701955326e+05
1829    6.176430571139405947e+05
1830    6.178645593874530168e+05
1831    6.175271422478731256e+05
1832    6.175704298836729722e+05
1833    6.172335275940580759e+05
1834    6.168969926836499944e+05
1835    6.172685878134582890e+05
1836    6.169324290062165819e+05
1837    6.184753513275692239e+05
1838    6.188065613762347493e+05
1839    6.196804455971852876e+05
1840    6.196770689242437948e+05
1841    6.204447475373959169e+05
1842    6.211929429649887607e+05
1843    6.210447387543141376e+05
1844    6.223258729195704218e+05
1845    6.245496991652395809e+05
1846    6.251922421326576732e+05
1847    6.262259063585143303e+05
1848    6.263549135053987848e+05
1849    6.260162335537332110e+05
1850    6.271024265313092619e+05
1851    6.269362799676932627e+05
1852    6.281347494514447171e+05
1853    6.296469766029774910e+05
1854    6.298522830066403840e+05
1855    6.305837684711503098e+05
1856    6.304607996961704921e+05
1857    6.312970275368491421e+05
1858    6.318590237112040631e+05
1859    6.315192153179132147e+05
1860    6.318859256076803431e+05
1861    6.323255279592822772e+05
1862    6.343081926149773644e+05
1863    6.342065647778703133e+05
1864    6.341619693317580968e+05
1865    6.355825062760921428e+05
1866    6.353891990299785975e+05
1867    6.364635019012379926e+05
1868    6.363874839131436311e+05
1869    6.365159168936960632e+05
1870    6.364399767034068936e+05
1871    6.381048176070390036e+05
1872    6.377640121988217579e+05
1873    6.406605584586425684e+05
1874    6.413858854459174909e+05
1875    6.428446804937613197e+05
1876    6.429637075933344895e+05
1877    6.448952148125844542e+05
1878    6.452473599406359717e+05
1879    6.490284812114868546e+05
1880    6.501164349153524963e+05
1881    6.527314390874899691e+05
1882    6.523847505446351133e+05
1883    6.540946745672882535e+05
1884    6.569790480618173024e+05
1885    6.581946708851943258e+05
1886    6.596485756659627659e+05
1887    6.614167166144028306e+05
1888    6.618347760334915947e+05
1889    6.625482661060456885e+05
1890    6.623438891234071925e+05
1891    6.629068694102396257e+05
1892    6.635648303077064920e+05
1893    6.654245355380836409e+05
1894    6.678415069400329376e+05
1895    6.690285189306028187e+05
1896    6.709997122916331282e+05
1897    6.730065378092824249e+05
1898    6.735791041946515907e+05
1899    6.744659220006449614e+05
1900    6.744040143985686591e+05
1901    6.781068339162650518e+05
1902    6.785309969997517765e+05
1903    6.815645150502313627e+05
1904    6.820537132571018301e+05
1905    6.855803191360569326e+05
1906    6.873873362089543371e+05
1907    6.898624380989681231e+05
1908    6.913340886086986866e+05
1909    6.917345491743800230e+05
1910    6.950182527159499004e+05
1911    6.973273072142958408e+05
1912    6.983237798027666286e+05
1913    6.991317917693272466e+05
1914    7.001310800681062974e+05
1915    7.027505775718777440e+05
1916    7.062559465357298031e+05
1917    7.081778870009591337e+05
1918    7.088408531011391897e+05
1919    7.124145471369017614e+05
1920    7.130265074620551895e+05
1921    7.172102596251814393e+05
1922    7.176654383565759053e+05
1923    7.187359752367561450e+05
1924    7.189414351162785897e+05
1925    7.204560553686353378e+05
1926    7.221445068796086125e+05
1927    7.230995886188565055e+05
1928    7.232270687919211341e+05
1929    7.258795790814004140e+05
1930    7.300486884717104258e+05
1931    7.328696184559559915e+05
1932    7.358654165825033560e+05
1933    7.370396198257019278e+05
1934    7.383311229695075890e+05
1935    7.408994836091316538e+05
1936    7.419128572862911969e+05
1937    7.451517213490165304e+05
1938    7.468963263853550889e+05
1939    7.471140602278559236e+05
1940    7.468499208223695168e+05
1941    7.481151750490443083e+05
1942    7.483106814823090099e+05
1943    7.492458487324729795e+05
1944    7.490056254802342737e+05
1945    7.500394063597113127e+05
1946    7.534446871290074196e+05
1947    7.552677409007196547e+05
1948    7.556605862530621234e+05
1949    7.563769460445460863e+05
1950    7.567037476747160545e+05
1951    7.631073331095816102e+05
1952    7.647331043311472749e+05
1953    7.650736677572019398e+05
1954    7.671123759565610671e+05
1955    7.676339593409771333e+05
1956    7.683286409268396674e+05
1957    7.710265284235370345e+05
1958    7.717201960599040613e+05
1959    7.723690984365008771e+05
1960    7.747021005981973140e+05
1961    7.759853262160619488e+05
1962    7.755898087524741422e+05
1963    7.800664479254205944e+05
1964    7.823748326628276845e+05
1965    7.824262089256873587e+05
1966    7.833632062801127322e+05
1967    7.841136982759025414e+05
1968    7.865116344253182178e+05
1969    7.879988000362000894e+05
1970    7.894546323925770121e+05
1971    7.892508612269392470e+05
1972    7.923349828960747691e+05
1973    7.927261780828725314e+05
1974    7.933836311443330487e+05
1975    7.956936621517810272e+05
1976    7.972231829367333557e+05
1977    7.971892672467040829e+05
1978    8.007390441495117266e+05
1979    8.006847314752992243e+05
1980    8.015984369323524879e+05
1981    8.058804828252095031e+05
1982    8.067987284728441155e+05
1983    8.082304276287576649e+05
1984    8.109256094508478418e+05
1985    8.119644652786795050e+05
1986    8.125154142785494914e+05
1987    8.146172700811342802e+05
1988    8.172228197799146874e+05
1989    8.213423649623501115e+05
1990    8.247478885604126845e+05
1991    8.253530692372985650e+05
1992    8.285004837673536967e+05
1993    8.333682393274434144e+05
1994    8.357058253912412329e+05
1995    8.371299869797037682e+05
1996    8.367108084094153019e+05
1997    8.362921205932112643e+05
1998    8.358738303217304638e+05
1999    8.362038580462425016e+05
2000    8.369179479573661229e+05
