1       0.000000000000000000e+00
2       0.000000000000000000e+00
3       0.000000000000000000e+00
4       0.000000000000000000e+00
5       0.000000000000000000e+00
6       0.000000000000000000e+00
7       0.000000000000000000e+00
8       0.000000000000000000e+00
9       0.000000000000000000e+00
10      0.000000000000000000e+00
11      0.000000000000000000e+00
12      0.000000000000000000e+00
13      0.000000000000000000e+00
14      0.000000000000000000e+00
15      0.000000000000000000e+00
16      0.000000000000000000e+00
17      0.000000000000000000e+00
18      0.000000000000000000e+00
19      0.000000000000000000e+00
20      0.000000000000000000e+00
21      2.704078519456042353e-12
22      2.581165859480767774e-12
23      1.390413660978040769e-11
24      4.020941738885430072e-08
25      1.856596241526471910e-07
26      5.408119199371954848e-07
27      5.990354465628415815e-07
28      5.776413234713935927e-07
29      5.577226571448742890e-07
30      5.391319019068262187e-07
31      5.217405502327839722e-07
32      5.054361580381344203e-07
33      4.901199108251279227e-07
34      4.757046193309961018e-07
35      4.621130587793872306e-07
36      4.492765849258966975e-07
37      4.371339745238939148e-07
38      4.256304488863622396e-07
39      4.147168476482160451e-07
40      4.043489264771658591e-07
41      3.944867575633302954e-07
42      3.850942157453075787e-07
43      3.761385363440868739e-07
44      3.675899332750953834e-07
45      3.594212681137345737e-07
46      3.516077622984476562e-07
47      3.441267460876410698e-07
48      3.369574389012820111e-07
49      3.300807565086563521e-07
50      3.234791414301897594e-07
51      3.171364132053435547e-07
52      3.110376361057383641e-07
53      3.051690015592369877e-07
54      2.995177238329929229e-07
55      2.940719470753082244e-07
56      2.888206623534892232e-07
57      2.837536332162750199e-07
58      2.788613292358691889e-07
59      2.741348660489755538e-07
60      2.695659517187859395e-07
61      2.651468378163530726e-07
62      2.608702759565007037e-07
63      2.567294779173935443e-07
64      2.527180798395613976e-07
65      2.488301094249530518e-07
66      2.450599563506272747e-07
67      2.414023452316620957e-07
68      2.378523108400836946e-07
69      2.344051760090832539e-07
70      2.310565306903851007e-07
71      2.278022134188983398e-07
72      2.246382937916697161e-07
73      2.215610569119185554e-07
74      2.185669885720623196e-07
75      2.156527620998861642e-07
76      2.128152258395015132e-07
77      2.100513918187362714e-07
78      2.540250720972300869e+00
79      2.508095649140985373e+00
80      2.476744453406527491e+00
81      1.338584717753983000e+01
82      1.322260514129117759e+01
83      3.051432355736668711e+01
84      3.320298070945888469e+01
85      4.017742062320007790e+01
86      3.971024132846117283e+01
87      4.054460047882941609e+01
88      4.008386639097265203e+01
89      4.943457910237147956e+01
90      7.206307739842729632e+01
91      8.739443833984184096e+01
92      9.064753921044625429e+01
93      1.122752657684837629e+02
94      1.280836784159929778e+02
95      1.447224314558360447e+02
96      1.501402520389463007e+02
97      2.076798763145329758e+02
98      2.071510369303012169e+02
99      2.231740838645438885e+02
100     2.646243885515640955e+02
101     3.863299008924984719e+02
102     3.916224425526391428e+02
103     4.375013933594719333e+02
104     5.365318404914337407e+02
105     5.314220179651883882e+02
106     5.328671292836855855e+02
107     5.886762678930577977e+02
108     6.157557100319178289e+02
109     6.345471853448926822e+02
110     6.511624930020025204e+02
111     6.503116770721410376e+02
112     6.445053264334929963e+02
113     6.388017426468987878e+02
114     7.424379025492600022e+02
115     7.943428379413429639e+02
116     7.874950605609381000e+02
117     8.083763924430340921e+02
118     8.190267667688501660e+02
119     9.044581151444439229e+02
120     9.637518032726665069e+02
121     1.018479929728381080e+03
122     1.059145664668868449e+03
123     1.082634280500808018e+03
124     1.167470310527547326e+03
125     1.242794491143041341e+03
126     1.241899550579272500e+03
127     1.288504393486761501e+03
128     1.360028146868129170e+03
129     1.493239464870175880e+03
130     1.567656370807586200e+03
131     1.679325601798042271e+03
132     1.821590164283273680e+03
133     1.889598527332634148e+03
134     2.000665104533435851e+03
135     2.053329790832181516e+03
136     2.080023083678921921e+03
137     2.092159767629367707e+03
138     2.083555383333231475e+03
139     2.079594991930800006e+03
140     2.147916980728272847e+03
141     2.242642979980978453e+03
142     2.226849715794151962e+03
143     2.221124988430804024e+03
144     2.214373476764249062e+03
145     2.238120875134281960e+03
146     2.329150735154759332e+03
147     2.461022499851555494e+03
148     2.651001987363474655e+03
149     2.694571528984079123e+03
150     2.815565003593972961e+03
151     2.909741349660307151e+03
152     3.000532649288494667e+03
153     3.075066210386153671e+03
154     3.055098248374174091e+03
155     3.035387934162334204e+03
156     3.075586775975017645e+03
157     3.427676997377306634e+03
158     3.454236161907238056e+03
159     3.586794658600886578e+03
160     3.752656297737519708e+03
161     3.927415230047940440e+03
162     4.026733110491322350e+03
163     4.037894007138074357e+03
164     4.335597918600098637e+03
165     4.440523066346158885e+03
166     4.447460544358554216e+03
167     4.473249339075159696e+03
168     4.446622877187822269e+03
169     4.622956417288288321e+03
170     4.758656362131454443e+03
171     4.964284966162154888e+03
172     4.974241379270119978e+03
173     5.070196195416548107e+03
174     5.214364288157822557e+03
175     5.232969330442952014e+03
176     5.209416871811933561e+03
177     5.187540613910347929e+03
178     5.285152544511141969e+03
179     5.408226368138383805e+03
180     5.418985773139657795e+03
181     5.467663689357263138e+03
182     5.463470471513323901e+03
183     5.782875469226164569e+03
184     5.767305462996226197e+03
185     5.837456413460069598e+03
186     6.102507229897875732e+03
187     6.235257085224998264e+03
188     6.434441698586070743e+03
189     6.443615838075264037e+03
190     6.593410446051200779e+03
191     6.829141873554533049e+03
192     6.862548457508056345e+03
193     7.289176065400090010e+03
194     7.515289493326398770e+03
195     7.829316854200679700e+03
196     7.789371587638837809e+03
197     8.154401915346698843e+03
198     8.113218240846807930e+03
199     8.801371263583801920e+03
200     9.432607107109703065e+03
201     9.723645344300282886e+03
202     1.029030655748443132e+04
203     1.023961587060284728e+04
204     1.018942204903768470e+04
205     1.013971791153813865e+04
206     1.013230744695247995e+04
207     1.049582143452430137e+04
208     1.087315729837171057e+04
209     1.100193436879256478e+04
210     1.094954490651200103e+04
211     1.142433170088601400e+04
212     1.184266683878643744e+04
213     1.214306933617240975e+04
214     1.230805063557307403e+04
215     1.232550841299258354e+04
216     1.241180025666108668e+04
217     1.253575946186408510e+04
218     1.253715650732312497e+04
219     1.271943619808894437e+04
220     1.304547052783732215e+04
221     1.313402890706067592e+04
222     1.319145479061592414e+04
223     1.336502692052351813e+04
224     1.349445293927632520e+04
225     1.361437426316660458e+04
226     1.368619428557176980e+04
227     1.408993833901681501e+04
228     1.413338729423187760e+04
229     1.447324544351041550e+04
230     1.446183209206903484e+04
231     1.490836316070010434e+04
232     1.539158737018916690e+04
233     1.582232343455840419e+04
234     1.582744531737912985e+04
235     1.576009515994712820e+04
236     1.601882678975848285e+04
237     1.670591398486174148e+04
238     1.741803131514439883e+04
239     1.791966464602066844e+04
240     1.833416217683110153e+04
241     1.900883957326039308e+04
242     1.945365600752723549e+04
243     1.957156698292436340e+04
244     1.949135596554140284e+04
245     2.013509184016350264e+04
246     2.005324280162230207e+04
247     2.038009888228595082e+04
248     2.111690827249922950e+04
249     2.116064033264505269e+04
250     2.202161815971204123e+04
251     2.305139970022943089e+04
252     2.295992715669483368e+04
253     2.320357242455530286e+04
254     2.327325910477588695e+04
255     2.365828409480549089e+04
256     2.356587045971764746e+04
257     2.388933518671652928e+04
258     2.464654319115644466e+04
259     2.521182373376805845e+04
260     2.577130330183676779e+04
261     2.626374291494672798e+04
262     2.640150443808474665e+04
263     2.839508787206938359e+04
264     2.828753327073480614e+04
265     2.975773067049514793e+04
266     3.030865174797313739e+04
267     3.043734740827858695e+04
268     3.070903665507202822e+04
269     3.072282161407008607e+04
270     3.138483968223943521e+04
271     3.126903076654977122e+04
272     3.227627294432734925e+04
273     3.215804659054824879e+04
274     3.213102356034381955e+04
275     3.257346032339399972e+04
276     3.253692291972838211e+04
277     3.286091136049247871e+04
278     3.299478578333384939e+04
279     3.342036416917395400e+04
280     3.356906638774516614e+04
281     3.344960336820031080e+04
282     3.407391274532190437e+04
283     3.468178255525077111e+04
284     3.502823803475021850e+04
285     3.490533301135648071e+04
286     3.519781029401403794e+04
287     3.580422076609439682e+04
288     3.594061708689757506e+04
289     3.691856655313428200e+04
290     3.679126193660657736e+04
291     3.700281125879793399e+04
292     3.699353741972667922e+04
293     3.765630014478888916e+04
294     3.771157652694644639e+04
295     3.781624422980874806e+04
296     3.806839996436345973e+04
297     3.840132818215584120e+04
298     3.827246554309339263e+04
299     3.842307337503218878e+04
300     3.929153310206236347e+04
301     4.001229406232256588e+04
302     4.031391893991033430e+04
303     4.056352254043426365e+04
304     4.086605337182294898e+04
305     4.141503414220086415e+04
306     4.197845824233169697e+04
307     4.280358638058592624e+04
308     4.528874828929611976e+04
309     4.657450281713622098e+04
310     4.716217050086262316e+04
311     4.717687795302876475e+04
312     4.817727423742716928e+04
313     4.871120401235447207e+04
314     4.950000789899585652e+04
315     4.988950326452156878e+04
316     4.997964959704557987e+04
317     4.982199253895095171e+04
318     4.966532702418878762e+04
319     5.000737619472981896e+04
320     5.077983259734432067e+04
321     5.062164928752926789e+04
322     5.046444825886774925e+04
323     5.200757232303661294e+04
324     5.184706376289484615e+04
325     5.194327776517502207e+04
326     5.361190101385630987e+04
327     5.378706848274631921e+04
328     5.362309344157241139e+04
329     5.509000619277606893e+04
330     5.499446078802714328e+04
331     5.482832165633333352e+04
332     5.558791277150791575e+04
333     5.624510833182482747e+04
334     5.711735450289026630e+04
335     5.694686307488589227e+04
336     5.726951984198787977e+04
337     5.728310239082444605e+04
338     5.778562790057421807e+04
339     5.819979960952958209e+04
340     5.857540087922239763e+04
341     5.860418964201396011e+04
342     5.890043152826998994e+04
343     5.872872247320870520e+04
344     5.871970346045106271e+04
345     5.906053734747161070e+04
346     5.888985289416643354e+04
347     6.049862052745295659e+04
348     6.064881397630058200e+04
349     6.119834580001625727e+04
350     6.143893368283098243e+04
351     6.179453833385815960e+04
352     6.161899255982044269e+04
353     6.144444148862801376e+04
354     6.127088016206505563e+04
355     6.113838029302719951e+04
356     6.096665656990749267e+04
357     6.197204596702588606e+04
358     6.179895180326583068e+04
359     6.274353951613022218e+04
360     6.281752250421072677e+04
361     6.264352419248646038e+04
362     6.293590329349709646e+04
363     6.276254067276850401e+04
364     6.265144223805436195e+04
365     6.247980407264296809e+04
366     6.320453893285492813e+04
367     6.370280989038474218e+04
368     6.403880590551982459e+04
369     6.464888412242391496e+04
370     6.575842933909878775e+04
371     6.637891397202332155e+04
372     6.620048617916827789e+04
373     6.602301209848768485e+04
374     6.584648328375496203e+04
375     6.567089368210567045e+04
376     6.549623807292466518e+04
377     6.532250856694491813e+04
378     6.551486693643924082e+04
379     6.580565679300544434e+04
380     6.701544359667721437e+04
381     6.733638005755335325e+04
382     6.716010948986324365e+04
383     6.698475967988600314e+04
384     6.681032184882224828e+04
385     6.776384348660173418e+04
386     6.758829224259767216e+04
387     6.741364627695083618e+04
388     6.723990189569478389e+04
389     6.706705046220545773e+04
390     6.736215433728856442e+04
391     6.718987508785541286e+04
392     6.748221672328448039e+04
393     6.797660639693932899e+04
394     6.801169034112126974e+04
395     6.783951257788423391e+04
396     6.766820255489660485e+04
397     6.749775505947375495e+04
398     6.732816460046826978e+04
399     6.715942607820310513e+04
400     6.728196234244678635e+04
401     6.740645971120428294e+04
402     6.742881813386053545e+04
403     6.789170010854965949e+04
404     6.789340900789550506e+04
405     6.772577325067807396e+04
406     6.755896332014848304e+04
407     6.739297229561176209e+04
408     6.722779404725333734e+04
409     6.747537512433953816e+04
410     6.773927351441833889e+04
411     6.782457399585792155e+04
412     6.765994827251548122e+04
413     6.753653541647129168e+04
414     6.826477851232043759e+04
415     6.810028366888126766e+04
416     6.793657818867461174e+04
417     6.794247539434758073e+04
418     6.804089631309598917e+04
419     6.879122842376586050e+04
420     6.883497814186621690e+04
421     6.875146057828301855e+04
422     6.858854172572240350e+04
423     6.842639113717339933e+04
424     6.931793894422735320e+04
425     6.938731709629112447e+04
426     6.922443337984022219e+04
427     6.906231311168096727e+04
428     6.890095056943256350e+04
429     6.940938563439511927e+04
430     6.924796561803325312e+04
431     7.000564019681198988e+04
432     7.033517473601734673e+04
433     7.017273811027473130e+04
434     7.001105130423462833e+04
435     7.030868758809132851e+04
436     7.065859809213026892e+04
437     7.049691081776970532e+04
438     7.033596223635280330e+04
439     7.017574706812681688e+04
440     7.001626154951129865e+04
441     7.027250575668293459e+04
442     7.021703999279708660e+04
443     7.005854072250182799e+04
444     7.066119831234695448e+04
445     7.093195255789220391e+04
446     7.077291827101730451e+04
447     7.096820648294451530e+04
448     7.308433320104128507e+04
449     7.539112482815774274e+04
450     7.522360511400256655e+04
451     7.717499124343571020e+04
452     7.820238583505616407e+04
453     7.869498004572218633e+04
454     7.903842522723918955e+04
455     8.061417770087237295e+04
456     8.114499470798279799e+04
457     8.096743642567662755e+04
458     8.079065790755166381e+04
459     8.166299404757712909e+04
460     8.227635626416567538e+04
461     8.320435560307103151e+04
462     8.365570590228584479e+04
463     8.368421821769852249e+04
464     8.371260496928395878e+04
465     8.460366434635144833e+04
466     8.442212181515955308e+04
467     8.424135307142543024e+04
468     8.522592557868234871e+04
469     8.521192262888421828e+04
470     8.565541706549066294e+04
471     8.547357015768848942e+04
472     8.674917584517065552e+04
473     8.759641788997924596e+04
474     8.741161868260348274e+04
475     8.826490537634408975e+04
476     8.807947558294601913e+04
477     8.789482150703898515e+04
478     8.771094476997255697e+04
479     8.752783020690862031e+04
480     8.789079617394840170e+04
481     8.948965506589121651e+04
482     9.007521868782804813e+04
483     9.153921444889056147e+04
484     9.212612806492460368e+04
485     9.373137623267315212e+04
486     9.835823432764050085e+04
487     9.815627828052226687e+04
488     9.937302989028405864e+04
489     1.025237781431217009e+05
490     1.034256718134997645e+05
491     1.047280941803785245e+05
492     1.064438455894398794e+05
493     1.065957686901530105e+05
494     1.067733484377220011e+05
495     1.074325788715519739e+05
496     1.087908298343827919e+05
497     1.089527005366039375e+05
498     1.102300415221918083e+05
499     1.100091556276765332e+05
500     1.099522849550857645e+05
501     1.100584543301861850e+05
502     1.100960801087502914e+05
503     1.111582922517359548e+05
504     1.110844095297345339e+05
505     1.148943576724605955e+05
506     1.155534728348808567e+05
507     1.154005004783904733e+05
508     1.172512309327272815e+05
509     1.170208859104461153e+05
510     1.167914372253196489e+05
511     1.179710672013517033e+05
512     1.182797698028496670e+05
513     1.184185160097170738e+05
514     1.187577567568339146e+05
515     1.186405374796821707e+05
516     1.200735988634605164e+05
517     1.198413670125070203e+05
518     1.198677739091015828e+05
519     1.199214684960932209e+05
520     1.217448398655441997e+05
521     1.239577920258189988e+05
522     1.261273995541446930e+05
523     1.282040335078808130e+05
524     1.283985259145924938e+05
525     1.296977423757981014e+05
526     1.314778640789218480e+05
527     1.334763013455106993e+05
528     1.378136939372547204e+05
529     1.384373736891473818e+05
530     1.391730886641383695e+05
531     1.389109967869530374e+05
532     1.421000974971428222e+05
533     1.434812737465304090e+05
534     1.447960416591705289e+05
535     1.558198498891474155e+05
536     1.567471410767159250e+05
537     1.610680620459853089e+05
538     1.659744350155620195e+05
539     1.693992222119568032e+05
540     1.848497906296174915e+05
541     1.897008463550605520e+05
542     1.974102744239846361e+05
543     2.014729918080879143e+05
544     2.041140872770196875e+05
545     2.068893805997094896e+05
546     2.097894699905216112e+05
547     2.183457706456686428e+05
548     2.217948232864592865e+05
549     2.274543526031689544e+05
550     2.296084095538844413e+05
551     2.324643584020219278e+05
552     2.327120940155223361e+05
553     2.415399619481594709e+05
554     2.433695118055215571e+05
555     2.490320886343923048e+05
556     2.508880262556506495e+05
557     2.559919919895574858e+05
558     2.566325089098374883e+05
559     2.631305734453549376e+05
560     2.650521312828292139e+05
561     2.692944825165886432e+05
562     2.708124527744863881e+05
563     2.789069642929592519e+05
564     2.784126410941376234e+05
565     2.832044546908736229e+05
566     2.861167744546837639e+05
567     2.862574084594976157e+05
568     2.868942474014209583e+05
569     2.920749254513093038e+05
570     2.955648497312082327e+05
571     3.028177542137181736e+05
572     3.064715876121098408e+05
573     3.090296393966291216e+05
574     3.205885851188749075e+05
575     3.357963159359445563e+05
576     3.402172042366831447e+05
577     3.442617829368292005e+05
578     3.436666440702856635e+05
579     3.456333933851684560e+05
580     3.514505863634840352e+05
581     3.561306675833088229e+05
582     3.685896661570145516e+05
583     3.718344746771469363e+05
584     3.724498925399819273e+05
585     3.762160037165351678e+05
586     3.755742231604382396e+05
587     3.802289258011201164e+05
588     3.881755042525581084e+05
589     3.875169568818630651e+05
590     3.868606160423879628e+05
591     3.862064223707429483e+05
592     3.866223238683799282e+05
593     3.954478709030386526e+05
594     4.002123059905696427e+05
595     4.036817286431154353e+05
596     4.030046445292915450e+05
597     4.039009549200219335e+05
598     4.032256932981199934e+05
599     4.025528050415943726e+05
600     4.072015994789571851e+05
601     4.082286564582603751e+05
602     4.075507644581818022e+05
603     4.170525805833564373e+05
604     4.185512014161897241e+05
605     4.270156570334509597e+05
606     4.382562649897393421e+05
607     4.383711444048691774e+05
608     4.403945762005154393e+05
609     4.422445279117334867e+05
610     4.504337702826455934e+05
611     4.529820263134015840e+05
612     4.541914478230132372e+05
613     4.549973033587059472e+05
614     4.542564953929317417e+05
615     4.535180599522881676e+05
616     4.542774140124085243e+05
617     4.551716064157803194e+05
618     4.601055788505459204e+05
619     4.717468376673078164e+05
620     4.736949506186048966e+05
621     4.814448906535297283e+05
622     4.839660702347728075e+05
623     4.945174666500160238e+05
624     5.012630201406661654e+05
625     5.070808936874617357e+05
626     5.062710101776131196e+05
627     5.083014969523727195e+05
628     5.118092015021570842e+05
629     5.150321715524908504e+05
630     5.170827203089676332e+05
631     5.196550452392851003e+05
632     5.261466016461425461e+05
633     5.323778353393416619e+05
634     5.430153113804990426e+05
635     5.466590518452536780e+05
636     5.491162621440031799e+05
637     5.511652130396364955e+05
638     5.584682734047592385e+05
639     5.639093711429609684e+05
640     5.631846057311244076e+05
641     5.637128144858900923e+05
642     5.638327331415627850e+05
643     5.678653555910469731e+05
644     5.669839591354584554e+05
645     5.766383935217417311e+05
646     5.797707460994919529e+05
647     5.839592649888875894e+05
648     5.845545100554405944e+05
649     5.836545854996776907e+05
650     5.874842701865405543e+05
651     5.983821962451885920e+05
652     5.993161522749594878e+05
653     5.983992214872175828e+05
654     6.007451162294691894e+05
655     6.089086335581841413e+05
656     6.079810418471642770e+05
657     6.070563382965676719e+05
658     6.121485660102394177e+05
659     6.119050116271770094e+05
660     6.153992300155122066e+05
661     6.164872819862363394e+05
662     6.175911849136372330e+05
663     6.173829221754701575e+05
664     6.213100627625740599e+05
665     6.258014049933360657e+05
666     6.342304902478377335e+05
667     6.332800263938949211e+05
668     6.419263561684380984e+05
669     6.442792911318556871e+05
670     6.460867790422452381e+05
671     6.464779562574083684e+05
672     6.531652966748522595e+05
673     6.521953329143465962e+05
674     6.596286887255284237e+05
675     6.626431095794097055e+05
676     6.678341627643351676e+05
677     6.687900555633677868e+05
678     6.719384207938006148e+05
679     6.720928326353698503e+05
680     6.731804925143879373e+05
681     6.745413358558882028e+05
682     6.735525231013445882e+05
683     6.768500922407202888e+05
684     6.758608563594280276e+05
685     6.751738329510933254e+05
686     6.741897402302350383e+05
687     6.732085021859810222e+05
688     6.741569739543672185e+05
689     6.748145300753162010e+05
690     6.792519258555999259e+05
691     6.863065585192712024e+05
692     6.895476675329852151e+05
693     6.969006230378780747e+05
694     6.970704354514608858e+05
695     6.964891077112470521e+05
696     6.954887220736863092e+05
697     6.944911424095047405e+05
698     6.954663169379369356e+05
699     6.944716203576931730e+05
700     6.955694636253679637e+05
701     6.957780513582108542e+05
702     6.975549081816431135e+05
703     6.968520499791748589e+05
704     6.961723000258483225e+05
705     6.981714511597472010e+05
706     7.036512221382636344e+05
707     7.066870088335738983e+05
708     7.062090689853267977e+05
709     7.096526064946104307e+05
710     7.154519262728795875e+05
711     7.173755389438411221e+05
712     7.253876118390958291e+05
713     7.282143698637328343e+05
714     7.343826305806103628e+05
715     7.421020663381029153e+05
716     7.475065029787456151e+05
717     7.520963434879324632e+05
718     7.526415984295454109e+05
719     7.515956781015931629e+05
720     7.516701165104147512e+05
721     7.537360895078520989e+05
722     7.538021132433867315e+05
723     7.546367171223069308e+05
724     7.550104917228486156e+05
725     7.542529626815005904e+05
726     7.549116536180399125e+05
727     7.538736591022239299e+05
728     7.528384808139604283e+05
729     7.530932515866048634e+05
730     7.577908629943224369e+05
731     7.594571187651524087e+05
732     7.643489719542792300e+05
733     7.644857807955025928e+05
734     7.641511980250795605e+05
735     7.682049191852018703e+05
736     7.716651103448687354e+05
737     7.730221515281597385e+05
738     7.746257763858528342e+05
739     7.763278120554852067e+05
740     7.752789561330348952e+05
741     7.756511009257880505e+05
742     7.794535616257708753e+05
743     7.901047008745346684e+05
744     7.966023278121352196e+05
745     8.020999398370975396e+05
746     8.020659458902686602e+05
747     8.031834800956414547e+05
748     8.026049025044356240e+05
749     8.037085832343739457e+05
750     8.045558409940591082e+05
751     8.068113507005978609e+05
752     8.097159230937325628e+05
753     8.086411873935726471e+05
754     8.075692384092236171e+05
755     8.065002660639282549e+05
756     8.089507664284600178e+05
757     8.090386920680421172e+05
758     8.102108679758774815e+05
759     8.151618012859352166e+05
760     8.155116539104601834e+05
761     8.161647873295831960e+05
762     8.187950785183914704e+05
763     8.177220221530315466e+05
764     8.187891676980650518e+05
765     8.185998703402131796e+05
766     8.184166064531215234e+05
767     8.179899333804086782e+05
768     8.197899736892180517e+05
769     8.229765648721070029e+05
770     8.225454115727009485e+05
771     8.214786556825956795e+05
772     8.221674723374989117e+05
773     8.219459740866604261e+05
774     8.249312272074582288e+05
775     8.266738705243562581e+05
776     8.270663712093920913e+05
777     8.274722421881603077e+05
778     8.278346644380996004e+05
779     8.267721073364694603e+05
780     8.257121849173271330e+05
781     8.258241572533270810e+05
782     8.256013079498953884e+05
783     8.253735433709160425e+05
784     8.248687309248611564e+05
785     8.266905018886951730e+05
786     8.271234569773605326e+05
787     8.260724965234552510e+05
788     8.250241658350471407e+05
789     8.249540113236303441e+05
790     8.242876276929856976e+05
791     8.293934797365821432e+05
792     8.289815939166756580e+05
793     8.279360429846204352e+05
794     8.286351033559332136e+05
795     8.275926545814436395e+05
796     8.283273557216288755e+05
797     8.331908161575273843e+05
798     8.378930472685550340e+05
799     8.376842525007524528e+05
800     8.366371747516839532e+05
801     8.393665052292981418e+05
802     8.388237766235269373e+05
803     8.405196293867988279e+05
804     8.394740926116331248e+05
805     8.401520228169823531e+05
806     8.433451640468816040e+05
807     8.425749561752786394e+05
808     8.432810254498656141e+05
809     8.455406856896176469e+05
810     8.469871393926811870e+05
811     8.473750490801028209e+05
812     8.504088736158059910e+05
813     8.509433522386738332e+05
814     8.517182459100747947e+05
815     8.518427496050146874e+05
816     8.575744022841477999e+05
817     8.569017409936005715e+05
818     8.580339096180140041e+05
819     8.589415551195305306e+05
820     8.582422476234151982e+05
821     8.584559792325557210e+05
822     8.597062273661814397e+05
823     8.587312995614650426e+05
824     8.578100368925090879e+05
825     8.579365002424350241e+05
826     8.609147230147548253e+05
827     8.619628026362202363e+05
828     8.622031305413423106e+05
829     8.622722213486126857e+05
830     8.628218679638513131e+05
831     8.640581429116575746e+05
832     8.668806802706838353e+05
833     8.667232450447491137e+05
834     8.666225082897210959e+05
835     8.655844956726579694e+05
836     8.658645686529763043e+05
837     8.657778853761735372e+05
838     8.655913962793789105e+05
839     8.658493779803958023e+05
840     8.661108334208827000e+05
841     8.650809018774799770e+05
842     8.647733908407918643e+05
843     8.649689776291898452e+05
844     8.679035903218651656e+05
845     8.690682936894680606e+05
846     8.680410895375524415e+05
847     8.673346948848734610e+05
848     8.663118747738234233e+05
849     8.667805106275570579e+05
850     8.662323430404232349e+05
851     8.661196980203738203e+05
852     8.658824086902736453e+05
853     8.649445913321273401e+05
854     8.645024730772146722e+05
855     8.634912440804124344e+05
856     8.624824172804468544e+05
857     8.616135662941749906e+05
858     8.606092226067633601e+05
859     8.600364889463386498e+05
860     8.590363211447092472e+05
861     8.587863987930143485e+05
862     8.577900531638044631e+05
863     8.582684590895758010e+05
864     8.614035058611998102e+05
865     8.641725366431300063e+05
866     8.648992421428922098e+05
867     8.639015455655066762e+05
868     8.682893975306997309e+05
869     8.700788486855271040e+05
870     8.714406292763150996e+05
871     8.719345774361550575e+05
872     8.733085361327984137e+05
873     8.765160804259827128e+05
874     8.772082725187201286e+05
875     8.762058644342393382e+05
876     8.820806136350888992e+05
877     8.834329723835404729e+05
878     8.834545019530339632e+05
879     8.847983265419831732e+05
880     8.864992843252160819e+05
881     8.854932107303229859e+05
882     8.860861113474660087e+05
883     8.859570732353976928e+05
884     8.878847298745219596e+05
885     8.881116235156017356e+05
886     8.886324950388679281e+05
887     8.882566212480817921e+05
888     8.876606077477359213e+05
889     8.866620576346091693e+05
890     8.882973423640445108e+05
891     8.875976219282223610e+05
892     8.874234841524605872e+05
893     8.883287504113952164e+05
894     8.900780401920430595e+05
895     8.910665662503798958e+05
896     8.907145350132092135e+05
897     8.904404778979865368e+05
898     8.915031820523772622e+05
899     8.907723952507766662e+05
900     8.899276907195504755e+05
901     8.895001200204297202e+05
902     8.902406256684396649e+05
903     8.922389492074780865e+05
904     8.935421994137226138e+05
905     8.925548898144956911e+05
906     8.941154577808284666e+05
907     8.931296847448776243e+05
908     8.945295149130565114e+05
909     8.969111985325107817e+05
910     8.963570858704805141e+05
911     8.960587714696144685e+05
912     8.956812454284898704e+05
913     8.947002605149013689e+05
914     8.945649122679714346e+05
915     8.946926052428967087e+05
916     8.958962322731229942e+05
917     8.961858376517322613e+05
918     8.980117970718763536e+05
919     8.980824232174243079e+05
920     8.987622942487788387e+05
921     8.985120710190527607e+05
922     8.985601302922482137e+05
923     8.996761516580840107e+05
924     9.002231207201002399e+05
925     8.992500221123362426e+05
926     8.995925611531056929e+05
927     9.034742955890943995e+05
928     9.039025514980966691e+05
929     9.033304796223884914e+05
930     9.037501764776386553e+05
931     9.031196130972626852e+05
932     9.044111679966223892e+05
933     9.034417095418715617e+05
934     9.024743272298346274e+05
935     9.022506280288917478e+05
936     9.032285209213877097e+05
937     9.043342728484345134e+05
938     9.074173755850652233e+05
939     9.070711391301742988e+05
940     9.071395651158966357e+05
941     9.061754629284967668e+05
942     9.052134369910719106e+05
943     9.075872914671804756e+05
944     9.075391362271897960e+05
945     9.090111223924400983e+05
946     9.095035023639494320e+05
947     9.107303875202185009e+05
948     9.117225222701539751e+05
949     9.140174248529326869e+05
950     9.155380705770957284e+05
951     9.145753833085588412e+05
952     9.185544360000498127e+05
953     9.180900423268356826e+05
954     9.179508422269346192e+05
955     9.199429281578037189e+05
956     9.209475875575193204e+05
957     9.245360612782282988e+05
958     9.243143085848478368e+05
959     9.255167670912133763e+05
960     9.245525637651802972e+05
961     9.238025436433580471e+05
962     9.259554400006976211e+05
963     9.253903612680586521e+05
964     9.263911800795467570e+05
965     9.259545373800006928e+05
966     9.290100426826733164e+05
967     9.285282860652657691e+05
968     9.285738956550896401e+05
969     9.334261747750774957e+05
970     9.333964493124785367e+05
971     9.354900047850230476e+05
972     9.346864784683892503e+05
973     9.370805710355928168e+05
974     9.437840989224989899e+05
975     9.434865348482637201e+05
976     9.425199658140874235e+05
977     9.428938565713065909e+05
978     9.454844757920460543e+05
979     9.455971635137400590e+05
980     9.454594666456768755e+05
981     9.475492707702066982e+05
982     9.467571373296957463e+05
983     9.463855223689060658e+05
984     9.497300226738635683e+05
985     9.502578937888990622e+05
986     9.500813288249521283e+05
987     9.515531556251030415e+05
988     9.518524244603557745e+05
989     9.544656481338670710e+05
990     9.542338805810926715e+05
991     9.537353855416657170e+05
992     9.536059159359904006e+05
993     9.571816909134876914e+05
994     9.562190076655518496e+05
995     9.664424526715832762e+05
996     9.680255021887852345e+05
997     9.670548426455329172e+05
998     9.683635091250913683e+05
999     9.687364141469752649e+05
1000    9.708030673860354582e+05
1001    9.737633264297271380e+05
1002    9.755467214807068231e+05
1003    9.749076590515639400e+05
1004    9.748529557571270270e+05
1005    9.748845172919436591e+05
1006    9.766449794584591873e+05
1007    9.792095149540985003e+05
1008    9.785346210910874652e+05
1009    9.775648280649702065e+05
1010    9.808408470008682925e+05
1011    9.808722697579258820e+05
1012    9.799029097414382268e+05
1013    9.797890466825313633e+05
1014    9.803004892637690064e+05
1015    9.816733997687608935e+05
1016    9.815762871730037732e+05
1017    9.841796978783741361e+05
1018    9.848645145782808540e+05
1019    9.849979276548615890e+05
1020    9.857806246099277632e+05
1021    9.856295050541927340e+05
1022    9.846649344140483299e+05
1023    9.846653391663207440e+05
1024    9.869842966158740455e+05
1025    9.951026164462150773e+05
1026    9.985205523663926870e+05
1027    9.975484215115030529e+05
1028    9.965780842280968791e+05
1029    9.992861543430512538e+05
1030    1.000057237260396942e+06
1031    1.002367913490406354e+06
1032    1.004877554269564338e+06
1033    1.008533872770995134e+06
1034    1.008025308010258246e+06
1035    1.010488655570324860e+06
1036    1.010915686837520450e+06
1037    1.015595553109990433e+06
1038    1.015698959029144142e+06
1039    1.018426836413909798e+06
1040    1.023839812482588575e+06
1041    1.023117534037684090e+06
1042    1.023842152721927268e+06
1043    1.029158769373318995e+06
1044    1.032115422340747318e+06
1045    1.031127951237357222e+06
1046    1.033254304922451731e+06
1047    1.034050851317308610e+06
1048    1.033064497538751224e+06
1049    1.032565014207331114e+06
1050    1.033698850570947630e+06
1051    1.033062918896603514e+06
1052    1.038893410302289529e+06
1053    1.037907245888121543e+06
1054    1.041742442622663220e+06
1055    1.042075328643604298e+06
1056    1.048137981035399716e+06
1057    1.054182047089265194e+06
1058    1.053186024756349623e+06
1059    1.052774485159849748e+06
1060    1.056399854346685577e+06
1061    1.057392184100750368e+06
1062    1.058068968151628273e+06
1063    1.062546768075528787e+06
1064    1.064377503141845809e+06
1065    1.069265078186564846e+06
1066    1.068262063573936233e+06
1067    1.067766920830466785e+06
1068    1.067694702184714843e+06
1069    1.066696007534911856e+06
1070    1.066745703381988918e+06
1071    1.069612451727543026e+06
1072    1.073997532490428537e+06
1073    1.075645487940315856e+06
1074    1.075196523503133329e+06
1075    1.074196277482758742e+06
1076    1.079946874843545724e+06
1077    1.078944004676733864e+06
1078    1.080315040512176231e+06
1079    1.079654580255940091e+06
1080    1.081098627318289597e+06
1081    1.080098391035118839e+06
1082    1.079888107216348872e+06
1083    1.078890812718479894e+06
1084    1.078512026643501362e+06
1085    1.079061407119655982e+06
1086    1.078763818667215528e+06
1087    1.079609163450327935e+06
1088    1.078616686595461797e+06
1089    1.078242077416245360e+06
1090    1.081756477632181486e+06
1091    1.081373746165442979e+06
1092    1.081316602726058802e+06
1093    1.081791056155030616e+06
1094    1.082716238995975116e+06
1095    1.082830615446727024e+06
1096    1.082368604915132048e+06
1097    1.081381886038575554e+06
1098    1.081657677614839515e+06
1099    1.081903328883578535e+06
1100    1.087007551427679136e+06
1101    1.086020315828880062e+06
1102    1.085694793274877360e+06
1103    1.086293475495167077e+06
1104    1.085823417594243074e+06
1105    1.086891704265063396e+06
1106    1.086458491765067214e+06
1107    1.087432087715047179e+06
1108    1.088085232740079053e+06
1109    1.087861438640862470e+06
1110    1.088889140472491505e+06
1111    1.089076316187427379e+06
1112    1.088975843521000352e+06
1113    1.088659598073338624e+06
1114    1.088343868967421353e+06
1115    1.089104166679040529e+06
1116    1.088436866498286836e+06
1117    1.087821933468248462e+06
1118    1.086849014254056150e+06
1119    1.086757730365973199e+06
1120    1.088258644343914464e+06
1121    1.087287858154486865e+06
1122    1.086318762956189923e+06
1123    1.085932319195139222e+06
1124    1.087916754849441815e+06
1125    1.089153526651856257e+06
1126    1.088186204503480578e+06
1127    1.088375831696040928e+06
1128    1.088266966538876761e+06
1129    1.087302997299765470e+06
1130    1.087367591882403474e+06
1131    1.087017366678250488e+06
1132    1.086057148434062954e+06
1133    1.087366060654027620e+06
1134    1.087265141436306527e+06
1135    1.086307277489101281e+06
1136    1.089418983545748051e+06
1137    1.089551373804378556e+06
1138    1.089510317409738200e+06
1139    1.090684807096060365e+06
1140    1.089728163671985036e+06
1141    1.090001315635851584e+06
1142    1.089577243968728231e+06
1143    1.090354011775937164e+06
1144    1.091396417527880752e+06
1145    1.092284833020509221e+06
1146    1.092748980760904960e+06
1147    1.094685656687222654e+06
1148    1.095649707210839493e+06
1149    1.094839019286163151e+06
1150    1.093886961607849225e+06
1151    1.094773290642446605e+06
1152    1.095641252730944660e+06
1153    1.094926549346897053e+06
1154    1.093977642699778313e+06
1155    1.094254154604953481e+06
1156    1.095673354262811830e+06
1157    1.095318024397924775e+06
1158    1.095566786855514161e+06
1159    1.094729322376094991e+06
1160    1.095133790633684956e+06
1161    1.094190392451957101e+06
1162    1.094163198242168874e+06
1163    1.094512513121213997e+06
1164    1.094645940122416010e+06
1165    1.095394896848445293e+06
1166    1.095616865329089109e+06
1167    1.094926956774102990e+06
1168    1.094313325299563585e+06
1169    1.093768373631501105e+06
1170    1.092833358054622309e+06
1171    1.092012510770692257e+06
1172    1.091080624816073105e+06
1173    1.091113464733674889e+06
1174    1.091381928889302071e+06
1175    1.090452915281241527e+06
1176    1.090487487163942307e+06
1177    1.091442016156284604e+06
1178    1.093121532541321358e+06
1179    1.093038811035069637e+06
1180    1.092894924597100588e+06
1181    1.092452234184499597e+06
1182    1.094365001113181701e+06
1183    1.095090981350247748e+06
1184    1.094480715468443464e+06
1185    1.094787323766997550e+06
1186    1.094462087865751004e+06
1187    1.094907912372503895e+06
1188    1.094870332121607382e+06
1189    1.095791240433929488e+06
1190    1.095850534613855649e+06
1191    1.096845555809000041e+06
1192    1.095989789218930062e+06
1193    1.095826941549112322e+06
1194    1.094909076281097485e+06
1195    1.094962627283649519e+06
1196    1.094197171380471438e+06
1197    1.093565229432810331e+06
1198    1.092802253885842161e+06
1199    1.091956731522745453e+06
1200    1.091872594334758120e+06
1201    1.091205893799781566e+06
1202    1.090814570292911259e+06
1203    1.091011977068246109e+06
1204    1.090590960755835287e+06
1205    1.090764196939047659e+06
1206    1.090365688387101283e+06
1207    1.089462295161756687e+06
1208    1.088984962099979864e+06
1209    1.088503539704132127e+06
1210    1.087815183091587620e+06
1211    1.087634438883252908e+06
1212    1.087237704898709897e+06
1213    1.086836817408343311e+06
1214    1.086149734287816333e+06
1215    1.086044030403900659e+06
1216    1.086867223784254631e+06
1217    1.085974215379757807e+06
1218    1.085502963786086068e+06
1219    1.086267387926260009e+06
1220    1.087876879310698016e+06
1221    1.088026008213954046e+06
1222    1.087439061631810619e+06
1223    1.087376421416255180e+06
1224    1.086790971082944656e+06
1225    1.086366556512342533e+06
1226    1.085480458489286248e+06
1227    1.084933075986811193e+06
1228    1.084811295145599637e+06
1229    1.084355783642514609e+06
1230    1.083687579257599544e+06
1231    1.082807236535833916e+06
1232    1.082213974448569817e+06
1233    1.081336267984453356e+06
1234    1.080684163658760488e+06
1235    1.080390868231202476e+06
1236    1.079909613878165139e+06
1237    1.079036548951293807e+06
1238    1.079746735609545372e+06
1239    1.078875236088585109e+06
1240    1.078005153329345863e+06
1241    1.078004924643134233e+06
1242    1.078258726702812128e+06
1243    1.078015351407977752e+06
1244    1.077757734247297514e+06
1245    1.077305888833306730e+06
1246    1.076522583683796460e+06
1247    1.075947101595073938e+06
1248    1.075722802831489826e+06
1249    1.075057803517680382e+06
1250    1.075567864192702109e+06
1251    1.075604196477166144e+06
1252    1.075114988352793036e+06
1253    1.074257009736580541e+06
1254    1.073650441019774415e+06
1255    1.072795008594171843e+06
1256    1.073412704633633606e+06
1257    1.073693607814643998e+06
1258    1.072840222578635206e+06
1259    1.072275520645160228e+06
1260    1.071480443750722101e+06
1261    1.070630812820664374e+06
1262    1.069782474457368255e+06
1263    1.070883245667134179e+06
1264    1.070937861307122046e+06
1265    1.070091343283635331e+06
1266    1.069466204144775402e+06
1267    1.069447928345273482e+06
1268    1.068604678964793682e+06
1269    1.070018447247161763e+06
1270    1.069176059234993765e+06
1271    1.069091214773253538e+06
1272    1.068250754599798936e+06
1273    1.069901539214427583e+06
1274    1.069061679585319711e+06
1275    1.069155890825276496e+06
1276    1.069051840951184044e+06
1277    1.068575641972310841e+06
1278    1.068773665028389078e+06
1279    1.069337314468115801e+06
1280    1.068501861296436284e+06
1281    1.068766553169274935e+06
1282    1.067932930176812224e+06
1283    1.067894016496593365e+06
1284    1.067062409409653861e+06
1285    1.067759426847951720e+06
1286    1.067523078712956049e+06
1287    1.067001053938661935e+06
1288    1.067750215234934818e+06
1289    1.067962587383262813e+06
1290    1.067998034824366681e+06
1291    1.068504210203107446e+06
1292    1.068855026851262432e+06
1293    1.068028514121573186e+06
1294    1.068061651546638692e+06
1295    1.070249870875617489e+06
1296    1.070868793604759732e+06
1297    1.071878604035319760e+06
1298    1.071293129858356435e+06
1299    1.070909179365191609e+06
1300    1.070085645482749445e+06
1301    1.069415715101547772e+06
1302    1.070075022372908192e+06
1303    1.069823537287807092e+06
1304    1.069003275122411782e+06
1305    1.068452546391692944e+06
1306    1.067856434728217777e+06
1307    1.067702533988436451e+06
1308    1.066886347602728754e+06
1309    1.066071413354288787e+06
1310    1.065257675769523717e+06
1311    1.064445155172789237e+06
1312    1.064324233591619646e+06
1313    1.066181763733891072e+06
1314    1.067201874601220246e+06
1315    1.067165412800623337e+06
1316    1.067637807421895675e+06
1317    1.067323055449709762e+06
1318    1.067621714360997314e+06
1319    1.066895485133843729e+06
1320    1.066742796047146665e+06
1321    1.065997916314953705e+06
1322    1.065458246523596346e+06
1323    1.066003605653552804e+06
1324    1.065198474364128895e+06
1325    1.064479188674599631e+06
1326    1.064225925087560667e+06
1327    1.063715173255873611e+06
1328    1.064062905333795352e+06
1329    1.064643625183145516e+06
1330    1.064724370466023684e+06
1331    1.065135343830749393e+06
1332    1.064685871151331114e+06
1333    1.063887135606356198e+06
1334    1.063985963597908150e+06
1335    1.063246534145424142e+06
1336    1.062909931003934238e+06
1337    1.062115037846393418e+06
1338    1.061783598668071674e+06
1339    1.062273590745010180e+06
1340    1.061645110701091122e+06
1341    1.063264131163015962e+06
1342    1.062471819127324969e+06
1343    1.062474105437976541e+06
1344    1.062096065206893487e+06
1345    1.061743048842730932e+06
1346    1.061134554765249370e+06
1347    1.060912823670116719e+06
1348    1.060318487376650563e+06
1349    1.059990914164210903e+06
1350    1.059205666450263234e+06
1351    1.058731004825206706e+06
1352    1.058364206045917701e+06
1353    1.061098157552944729e+06
1354    1.060771322938123485e+06
1355    1.059988313176019117e+06
1356    1.059206458520664601e+06
1357    1.059255123218924040e+06
1358    1.059558291914977366e+06
1359    1.059837476783694699e+06
1360    1.059860888182523660e+06
1361    1.059416567665613489e+06
1362    1.060255383686502464e+06
1363    1.060696079562634928e+06
1364    1.061281744098608149e+06
1365    1.063641327115945052e+06
1366    1.064325057303206995e+06
1367    1.064317324019321706e+06
1368    1.063539339350422844e+06
1369    1.064908352520969464e+06
1370    1.066107358535218984e+06
1371    1.065329773803159827e+06
1372    1.065443886540416162e+06
1373    1.066288156689632684e+06
1374    1.067038124842780177e+06
1375    1.067226367488285992e+06
1376    1.067685684608797776e+06
1377    1.068334409328217385e+06
1378    1.069948524737584637e+06
1379    1.069172566118421033e+06
1380    1.069797872503094375e+06
1381    1.069356025328154210e+06
1382    1.068860760860022157e+06
1383    1.068579829848674359e+06
1384    1.068776022851924412e+06
1385    1.069169823629831895e+06
1386    1.068777838164096931e+06
1387    1.068780432242291281e+06
1388    1.070920192251182161e+06
1389    1.072428792637346080e+06
1390    1.071657166670339415e+06
1391    1.074355590051964857e+06
1392    1.075203471011628397e+06
1393    1.077185978803298902e+06
1394    1.079902878418077482e+06
1395    1.081229800692982506e+06
1396    1.081693942632823950e+06
1397    1.082959376125792041e+06
1398    1.084068004380770260e+06
1399    1.084143374370906968e+06
1400    1.084451923663791036e+06
1401    1.087635878734542523e+06
1402    1.088979939390526153e+06
1403    1.089805792137544369e+06
1404    1.091333690640065586e+06
1405    1.091805224291717634e+06
1406    1.092207634490441997e+06
1407    1.092279854792507831e+06
1408    1.093375280536271632e+06
1409    1.094859350306957494e+06
1410    1.096947847565959441e+06
1411    1.099262432786110323e+06
1412    1.099034273243311793e+06
1413    1.098256644862937508e+06
1414    1.099511319970443379e+06
1415    1.099763890560195316e+06
1416    1.101046803402445978e+06
1417    1.101754141015120316e+06
1418    1.101785915296368301e+06
1419    1.103689898173725931e+06
1420    1.104173675513930852e+06
1421    1.104028234959900612e+06
1422    1.103530160766083980e+06
1423    1.103053608240660047e+06
1424    1.105732022299565608e+06
1425    1.106553999842884252e+06
1426    1.107982703076944919e+06
1427    1.111251549709851388e+06
1428    1.110656456854013493e+06
1429    1.115097375214010943e+06
1430    1.117592817684752634e+06
1431    1.117830577504715649e+06
1432    1.119347296708128881e+06
1433    1.118566710013166070e+06
1434    1.118487917720003752e+06
1435    1.119222978773436509e+06
1436    1.119865394023171393e+06
1437    1.121542809480808675e+06
1438    1.124861193924302002e+06
1439    1.125817907811623067e+06
1440    1.126085400119311409e+06
1441    1.126875574580745073e+06
1442    1.129146622279205127e+06
1443    1.129420720689462032e+06
1444    1.128956061412951909e+06
1445    1.128690865980525734e+06
1446    1.127910721389919287e+06
1447    1.127909751545487437e+06
1448    1.127460559835610446e+06
1449    1.126682945042858366e+06
1450    1.126549834380729590e+06
1451    1.129128176098439610e+06
1452    1.129954903827629751e+06
1453    1.131673780808709795e+06
1454    1.130896155915135052e+06
1455    1.132169437992423307e+06
1456    1.133318047190622194e+06
1457    1.132541048462827923e+06
1458    1.133734380522070685e+06
1459    1.135233769669628004e+06
1460    1.135236058139802888e+06
1461    1.138761312087149126e+06
1462    1.139861728125857189e+06
1463    1.140501908498273231e+06
1464    1.141036628366814926e+06
1465    1.142522928249455756e+06
1466    1.143310088841068791e+06
1467    1.143119930153947324e+06
1468    1.142906110013196710e+06
1469    1.142317159762240713e+06
1470    1.141635039907175815e+06
1471    1.143060273579918081e+06
1472    1.142644924300486455e+06
1473    1.142230158643845469e+06
1474    1.142699166036671260e+06
1475    1.145820148446142208e+06
1476    1.145044855114772450e+06
1477    1.144270511035213014e+06
1478    1.145846478147808928e+06
1479    1.147116406042578863e+06
1480    1.149113542759778211e+06
1481    1.149740237537847133e+06
1482    1.149970566620667465e+06
1483    1.149196103843919700e+06
1484    1.150117656270434381e+06
1485    1.149663135430211201e+06
1486    1.153850023434286471e+06
1487    1.154348046769853681e+06
1488    1.153573232469180366e+06
1489    1.152799626221571118e+06
1490    1.154061286309332354e+06
1491    1.157572695094925584e+06
1492    1.157727797803029418e+06
1493    1.159528152956796810e+06
1494    1.158753196587556275e+06
1495    1.158253247225476196e+06
1496    1.157753950662190793e+06
1497    1.160882336064509815e+06
1498    1.160108610587658361e+06
1499    1.159335740036560688e+06
1500    1.160790634149416117e+06
1501    1.160415113113608910e+06
1502    1.159643538261846406e+06
1503    1.161296062292935094e+06
1504    1.164478134248753544e+06
1505    1.165805306025361409e+06
1506    1.167091074740431737e+06
1507    1.166317643981612287e+06
1508    1.165845119304401800e+06
1509    1.167799439494570950e+06
1510    1.167026970432458213e+06
1511    1.168126049717799993e+06
1512    1.169346650441111531e+06
1513    1.168574611754123122e+06
1514    1.167803903452215018e+06
1515    1.167569558982719434e+06
1516    1.167091309960035142e+06
1517    1.167009764439776307e+06
1518    1.166241998660456622e+06
1519    1.169895196935460670e+06
1520    1.171515683453806210e+06
1521    1.173766302267522318e+06
1522    1.173961854044187116e+06
1523    1.175114314883286599e+06
1524    1.177372820857990533e+06
1525    1.179093129385136301e+06
1526    1.178321209181670565e+06
1527    1.180293660952685168e+06
1528    1.180756332418387989e+06
1529    1.180208450942014344e+06
1530    1.181984240548198577e+06
1531    1.182954373162887758e+06
1532    1.182821810805354733e+06
1533    1.183574720423788764e+06
1534    1.185095099811224965e+06
1535    1.187059468171555782e+06
1536    1.187523412846316118e+06
1537    1.186881097861498827e+06
1538    1.187674057624581736e+06
1539    1.186903242495961720e+06
1540    1.186298797902142163e+06
1541    1.186494737439704826e+06
1542    1.185789859204652486e+06
1543    1.185403406703153858e+06
1544    1.184990214419825701e+06
1545    1.185130376199157210e+06
1546    1.185070930738042574e+06
1547    1.186081396240267903e+06
1548    1.185552699898699299e+06
1549    1.185827835005289642e+06
1550    1.185794033172893105e+06
1551    1.185030612484472804e+06
1552    1.184733210556732956e+06
1553    1.184436020495942095e+06
1554    1.183675224147284403e+06
1555    1.184220048529121559e+06
1556    1.185365558976870496e+06
1557    1.185325475446879864e+06
1558    1.185676982667096425e+06
1559    1.187414727131084306e+06
1560    1.188218393156240229e+06
1561    1.188434872171607800e+06
1562    1.187955044815904927e+06
1563    1.187196308072786080e+06
1564    1.188696970329839271e+06
1565    1.188339873600093415e+06
1566    1.187582205713077914e+06
1567    1.186825515215475345e+06
1568    1.186069722176223295e+06
1569    1.185314793163129594e+06
1570    1.186665340976950014e+06
1571    1.186996230725036003e+06
1572    1.186759940523729194e+06
1573    1.186634992648558691e+06
1574    1.187158172490334837e+06
1575    1.187358668750725919e+06
1576    1.187672028863862390e+06
1577    1.187688607537212549e+06
1578    1.186936704709034180e+06
1579    1.187699147686688462e+06
1580    1.189648219895198010e+06
1581    1.189842580973387929e+06
1582    1.189091173071611207e+06
1583    1.189003753486056114e+06
1584    1.188683741556034889e+06
1585    1.188953991293076426e+06
1586    1.188582484039691975e+06
1587    1.188211428229387617e+06
1588    1.189247373102139682e+06
1589    1.190356738225049339e+06
1590    1.190356177437135251e+06
1591    1.191208564120016526e+06
1592    1.192361338817112613e+06
1593    1.193744147288184147e+06
1594    1.194426887514418922e+06
1595    1.194980159259513021e+06
1596    1.194817076656267745e+06
1597    1.195996933535799850e+06
1598    1.196595569787544664e+06
1599    1.196604964211135171e+06
1600    1.196399131464231294e+06
1601    1.195960137964537833e+06
1602    1.195214115321787773e+06
1603    1.196893860704329330e+06
1604    1.196412871396987932e+06
1605    1.196215585813361919e+06
1606    1.197690978460714454e+06
1607    1.199056199116435833e+06
1608    1.200926049759203568e+06
1609    1.202092869869123446e+06
1610    1.201683377624817658e+06
1611    1.202716250199607573e+06
1612    1.204535760110856732e+06
1613    1.204353742018436780e+06
1614    1.204477276456150459e+06
1615    1.204053784869710216e+06
1616    1.206120106184108881e+06
1617    1.207561585227242438e+06
1618    1.207218402649132302e+06
1619    1.207906137253385503e+06
1620    1.207796073684501229e+06
1621    1.208526941754809581e+06
1622    1.208390633283663774e+06
1623    1.208943852686076425e+06
1624    1.211269653626057552e+06
1625    1.214177147410891484e+06
1626    1.215682198659133399e+06
1627    1.216985963628099300e+06
1628    1.217153793789261486e+06
1629    1.217358890569542069e+06
1630    1.220112517397654941e+06
1631    1.220958761947638355e+06
1632    1.222384009846462170e+06
1633    1.224040712672090391e+06
1634    1.224897548877673689e+06
1635    1.226471095811814303e+06
1636    1.227531105606365018e+06
1637    1.227720936423416482e+06
1638    1.230958640385020757e+06
1639    1.232038326318469830e+06
1640    1.232152181204239139e+06
1641    1.231815373430428328e+06
1642    1.231307717797115911e+06
1643    1.233109216108409455e+06
1644    1.233987996859918116e+06
1645    1.234742315748287598e+06
1646    1.235773747525042156e+06
1647    1.239260850433629705e+06
1648    1.240336455016613239e+06
1649    1.240647611310448265e+06
1650    1.240817065834026784e+06
1651    1.243240507969924947e+06
1652    1.243580521310494747e+06
1653    1.243512187583059072e+06
1654    1.244617816983148456e+06
1655    1.244728418461091118e+06
1656    1.244202558777413331e+06
1657    1.244039410756670171e+06
1658    1.243289426331396680e+06
1659    1.242540452002833597e+06
1660    1.242409390013836324e+06
1661    1.241661892277648440e+06
1662    1.241116099054520484e+06
1663    1.241817900353148347e+06
1664    1.241881788412705995e+06
1665    1.242030107506643515e+06
1666    1.241954597834238084e+06
1667    1.242395781010157894e+06
1668    1.242033494821636006e+06
1669    1.241289999852116220e+06
1670    1.242259192512134556e+06
1671    1.242733658164482797e+06
1672    1.241990965206902707e+06
1673    1.241900578759846510e+06
1674    1.242555794982133899e+06
1675    1.244060296996679390e+06
1676    1.248233655630665366e+06
1677    1.249572394136402523e+06
1678    1.250585602924872655e+06
1679    1.251212707867354620e+06
1680    1.251712697177735623e+06
1681    1.253024779656904982e+06
1682    1.252280509382194374e+06
1683    1.252012892100269208e+06
1684    1.251507687737549655e+06
1685    1.251649712490854785e+06
1686    1.251434873231977457e+06
1687    1.252156523803807795e+06
1688    1.251415009762109490e+06
1689    1.252550989992404822e+06
1690    1.253294231249988079e+06
1691    1.253455493060983485e+06
1692    1.253264963616752764e+06
1693    1.253299675939194858e+06
1694    1.254554814263087464e+06
1695    1.255009447402118472e+06
1696    1.255907533353208099e+06
1697    1.257645755344731733e+06
1698    1.258546787309088511e+06
1699    1.259060466662724037e+06
1700    1.258320719851488015e+06
1701    1.259679668398543261e+06
1702    1.258940330767338863e+06
1703    1.258699749575126218e+06
1704    1.258451264413153753e+06
1705    1.257713945235570660e+06
1706    1.257474560683794552e+06
1707    1.256738522393426159e+06
1708    1.257898616933756741e+06
1709    1.257687929223116254e+06
1710    1.258585243192683673e+06
1711    1.257850220463993726e+06
1712    1.258877676747861085e+06
1713    1.258373250742676901e+06
1714    1.258257039617177332e+06
1715    1.257713973847164307e+06
1716    1.257456476171286544e+06
1717    1.256724574280640576e+06
1718    1.257310952508261427e+06
1719    1.258581377172968350e+06
1720    1.260268967274302850e+06
1721    1.259536951993688475e+06
1722    1.258805713320438052e+06
1723    1.260187829195776721e+06
1724    1.259782378759358078e+06
1725    1.260217932475523325e+06
1726    1.260982081815943820e+06
1727    1.260642712988854852e+06
1728    1.261421528455524705e+06
1729    1.260692403403383913e+06
1730    1.261524654009826947e+06
1731    1.262328346626811661e+06
1732    1.261599991395437857e+06
1733    1.261356919216222828e+06
1734    1.261425567227135645e+06
1735    1.261021940817110706e+06
1736    1.261151525912370766e+06
1737    1.262078835815953789e+06
1738    1.262522671125154709e+06
1739    1.262789081979749259e+06
1740    1.263110374991400866e+06
1741    1.263053676809609868e+06
1742    1.263716101036621258e+06
1743    1.263760484223956242e+06
1744    1.263036216254875762e+06
1745    1.262563753401604248e+06
1746    1.264428961855006171e+06
1747    1.266507470432278467e+06
1748    1.266470611630027881e+06
1749    1.266134686990295304e+06
1750    1.267666293887380278e+06
1751    1.267298076509634266e+06
1752    1.267934396148929140e+06
1753    1.271476506867270684e+06
1754    1.271478396617730847e+06
1755    1.270754213614304550e+06
1756    1.270839803512464510e+06
1757    1.271034515906894114e+06
1758    1.272679260924374918e+06
1759    1.272566385143661173e+06
1760    1.273772728471947601e+06
1761    1.273049631530251121e+06
1762    1.272727049849163508e+06
1763    1.272005375784007832e+06
1764    1.274775700661043869e+06
1765    1.274526119467212819e+06
1766    1.273804597438465571e+06
1767    1.273083859337663744e+06
1768    1.273016389790299116e+06
1769    1.272522945175596746e+06
1770    1.272465939630061621e+06
1771    1.273489378531445982e+06
1772    1.273546234634412918e+06
1773    1.273024133798494004e+06
1774    1.273844094638508745e+06
1775    1.274257373361207079e+06
1776    1.274237761639987351e+06
1777    1.273520913612752687e+06
1778    1.273695939780945424e+06
1779    1.273463120441995561e+06
1780    1.276541138431272237e+06
1781    1.277891480700970395e+06
1782    1.279213072708649328e+06
1783    1.278637841264901217e+06
1784    1.278316556403415743e+06
1785    1.281683729354327545e+06
1786    1.283766499848517124e+06
1787    1.284335259384942474e+06
1788    1.284707936023706570e+06
1789    1.285139025369443465e+06
1790    1.286953874983062735e+06
1791    1.287236629586393014e+06
1792    1.286518417811116669e+06
1793    1.286969418689290294e+06
1794    1.286834603375395294e+06
1795    1.287911080980963074e+06
1796    1.290379255541811232e+06
1797    1.293589881346522365e+06
1798    1.296918549289583694e+06
1799    1.297090555366050918e+06
1800    1.297922538544793148e+06
1801    1.298499312337978743e+06
1802    1.297778904089552816e+06
1803    1.297608332285793731e+06
1804    1.297881746455109678e+06
1805    1.297162820356718265e+06
1806    1.297054066691200482e+06
1807    1.296719298468943918e+06
1808    1.298378859245522879e+06
1809    1.298754247899731854e+06
1810    1.298282928926262073e+06
1811    1.297565984684563708e+06
1812    1.298157089001633460e+06
1813    1.298966403681758791e+06
1814    1.298250197422736092e+06
1815    1.299917446386370808e+06
1816    1.301362620016222587e+06
1817    1.300646400381682673e+06
1818    1.301365003742635017e+06
1819    1.300649551235249033e+06
1820    1.301511841487631202e+06
1821    1.300796927638540044e+06
1822    1.301112081078688614e+06
1823    1.301372926581306150e+06
1824    1.303977599958592793e+06
1825    1.307116916666653007e+06
1826    1.307305539368974976e+06
1827    1.307472872760046506e+06
1828    1.307236456875290256e+06
1829    1.307019627815371379e+06
1830    1.306305224762776168e+06
1831    1.306196654918682296e+06
1832    1.305483481313382275e+06
1833    1.305223696298383176e+06
1834    1.304738008863136638e+06
1835    1.306593456050809007e+06
1836    1.306983251375414431e+06
1837    1.307896183065887075e+06
1838    1.307448699653449934e+06
1839    1.310060687445117161e+06
1840    1.311014724751073867e+06
1841    1.311200074716293253e+06
1842    1.310678606366920751e+06
1843    1.310948379501974210e+06
1844    1.314286406928632641e+06
1845    1.314320793606586987e+06
1846    1.313693466262957081e+06
1847    1.313625158341974020e+06
1848    1.314450679763745749e+06
1849    1.313739593110652408e+06
1850    1.313193442533547292e+06
1851    1.312791060135622043e+06
1852    1.313408889586230973e+06
1853    1.314347341767566977e+06
1854    1.313882913481693016e+06
1855    1.314112637043689145e+06
1856    1.313874106456927489e+06
1857    1.313737086452077609e+06
1858    1.313244217760022497e+06
1859    1.313833533486313885e+06
1860    1.313992828584622592e+06
1861    1.313556027237332426e+06
1862    1.313121088545362232e+06
1863    1.313233728476445656e+06
1864    1.312910718915234553e+06
1865    1.312620080765036633e+06
1866    1.313796621058544144e+06
1867    1.315591887313374551e+06
1868    1.314887322628979338e+06
1869    1.318848663750219857e+06
1870    1.318690551757965237e+06
1871    1.318808756551512051e+06
1872    1.319597141691757832e+06
1873    1.318892440727812471e+06
1874    1.321289909292427124e+06
1875    1.322226761013624258e+06
1876    1.321521736614089925e+06
1877    1.322609927411665441e+06
1878    1.326277906931510661e+06
1879    1.325732963497059420e+06
1880    1.327758909032602794e+06
1881    1.328858901710894424e+06
1882    1.330524724501670338e+06
1883    1.331525902003384661e+06
1884    1.332204086640434107e+06
1885    1.333840633377274731e+06
1886    1.333829084587674355e+06
1887    1.335794160732836695e+06
1888    1.339153195212261286e+06
1889    1.339497432692109374e+06
1890    1.340345460371458204e+06
1891    1.340551199835761916e+06
1892    1.341900788878650637e+06
1893    1.343182644835389685e+06
1894    1.343111358069344889e+06
1895    1.345512824408864835e+06
1896    1.345219909880261170e+06
1897    1.344510981417916017e+06
1898    1.347836837560972665e+06
1899    1.347754362530505517e+06
1900    1.350205077867308399e+06
1901    1.350332460627596825e+06
1902    1.349622569580874639e+06
1903    1.350617857828072505e+06
1904    1.353983466310120188e+06
1905    1.354877710040367208e+06
1906    1.357819678222963586e+06
1907    1.359733514365961077e+06
1908    1.359020995546939550e+06
1909    1.361535270507765934e+06
1910    1.360822476103616878e+06
1911    1.361838524185355986e+06
1912    1.362493608923699707e+06
1913    1.361781638159683440e+06
1914    1.362220648408632725e+06
1915    1.363079206718440168e+06
1916    1.365463683965777047e+06
1917    1.364751699561998714e+06
1918    1.364799762340273708e+06
1919    1.365447213868041988e+06
1920    1.367025673780559562e+06
1921    1.368680652141135652e+06
1922    1.372601308801931562e+06
1923    1.373765767895605881e+06
1924    1.376083065892617218e+06
1925    1.377207783102795482e+06
1926    1.383384609821253456e+06
1927    1.384837102843086468e+06
1928    1.384726625116262818e+06
1929    1.387207717280163430e+06
1930    1.388210300908517791e+06
1931    1.389527393475197023e+06
1932    1.390051520118381828e+06
1933    1.390319126437933417e+06
1934    1.390221266846979270e+06
1935    1.390787397584831342e+06
1936    1.393750294447806431e+06
1937    1.394388699749413645e+06
1938    1.393669585734559456e+06
1939    1.393332065473739756e+06
1940    1.393602933762611356e+06
1941    1.394068386499811197e+06
1942    1.396285882785725174e+06
1943    1.395567511630473658e+06
1944    1.404286284341285471e+06
1945    1.404642033411664888e+06
1946    1.404583128411405254e+06
1947    1.404100957566505298e+06
1948    1.404923495182813378e+06
1949    1.410010796435467666e+06
1950    1.411564813481611200e+06
1951    1.414988480646086857e+06
1952    1.417038515063652536e+06
1953    1.419106026082283584e+06
1954    1.419431779417529702e+06
1955    1.421944444631787483e+06
1956    1.422938056311928434e+06
1957    1.424821601073330035e+06
1958    1.425898749123136047e+06
1959    1.425879598408616148e+06
1960    1.426262681600770215e+06
1961    1.427267072905759094e+06
1962    1.428074067789220950e+06
1963    1.427815020768566756e+06
1964    1.430528963986082003e+06
1965    1.430537088275329443e+06
1966    1.430709894857830135e+06
1967    1.433774387137744809e+06
1968    1.433045822863518260e+06
1969    1.434590526334294351e+06
1970    1.434997121165178018e+06
1971    1.434845357629016973e+06
1972    1.435511200323152356e+06
1973    1.435788862650739728e+06
1974    1.436260709268874722e+06
1975    1.437228028634118615e+06
1976    1.437589915647073882e+06
1977    1.439252513003612636e+06
1978    1.439688228510421468e+06
1979    1.444667440368324518e+06
1980    1.445099884965259116e+06
1981    1.444370501057310030e+06
1982    1.446614851353987353e+06
1983    1.446712274332450004e+06
1984    1.448362547210990684e+06
1985    1.448575735470052576e+06
1986    1.447846228921111207e+06
1987    1.454035505404384574e+06
1988    1.453829859249842586e+06
1989    1.454595872628215468e+06
1990    1.455062206238191808e+06
1991    1.456086052852643421e+06
1992    1.455355108902903274e+06
1993    1.456618467051985441e+06
1994    1.457883667564006988e+06
1995    1.458815474001915194e+06
1996    1.458292738398684654e+06
1997    1.457562528924580896e+06
1998    1.459732187022729311e+06
1999    1.459981938090378419e+06
2000    1.460049320638199570e+06
