1       0.000000000000000000e+00
2       0.000000000000000000e+00
3       0.000000000000000000e+00
4       0.000000000000000000e+00
5       0.000000000000000000e+00
6       0.000000000000000000e+00
7       0.000000000000000000e+00
8       0.000000000000000000e+00
9       0.000000000000000000e+00
10      0.000000000000000000e+00
11      0.000000000000000000e+00
12      0.000000000000000000e+00
13      0.000000000000000000e+00
14      0.000000000000000000e+00
15      0.000000000000000000e+00
16      0.000000000000000000e+00
17      0.000000000000000000e+00
18      0.000000000000000000e+00
19      0.000000000000000000e+00
20      0.000000000000000000e+00
21      0.000000000000000000e+00
22      0.000000000000000000e+00
23      0.000000000000000000e+00
24      0.000000000000000000e+00
25      0.000000000000000000e+00
26      0.000000000000000000e+00
27      0.000000000000000000e+00
28      5.010900056626478116e-08
29      8.247826300102432115e-08
30      1.105614886568251906e-07
31      1.117730045410721644e-05
32      4.989125865578088984e-05
33      4.143291644403205827e-04
34      4.617060833129352053e-04
35      4.776936170255460085e-04
36      5.048244356980963795e-04
37      7.055155667860915679e-04
38      3.756037131140410861e-03
39      4.439249759129636902e-03
40      6.580925265542748002e-03
41      8.338710456170178933e-03
42      8.527942964587335514e-03
43      1.719677114776151788e-02
44      2.276149677806567004e-02
45      3.481918082423803712e-02
46      3.768564279486821128e-02
47      4.251640156772865109e-02
48      5.786702175847653618e-02
49      1.126734710156296476e-01
50      1.502657956024963104e-01
51      2.020708596311771854e-01
52      2.590464888184785264e-01
53      2.802735958782351933e-01
54      3.255372841737036449e-01
55      3.720046210486284699e-01
56      4.148728927782360798e-01
57      4.925696819875899357e-01
58      5.313666363947073812e-01
59      6.202408373828086630e-01
60      7.267227088177667937e-01
61      1.002761489369642600e+00
62      1.498299676460210561e+00
63      1.610428198879574113e+00
64      1.861578994501963180e+00
65      2.147863431637670129e+00
66      2.288744912520237929e+00
67      2.648357894413436497e+00
68      2.907173572236782633e+00
69      3.021405541869876199e+00
70      3.142656357477942031e+00
71      3.188819651274817701e+00
72      3.168840665458395822e+00
73      3.218439783875813198e+00
74      3.374401406261344327e+00
75      3.636872925333010542e+00
76      3.786238697778567808e+00
77      4.013384394911612141e+00
78      4.223997322607117688e+00
79      4.596092387467616724e+00
80      5.037870021756913452e+00
81      5.104242872003849740e+00
82      7.024309616947743251e+00
83      7.436410911530381362e+00
84      8.091012373058934060e+00
85      8.711839124599766393e+00
86      8.610538669953692548e+00
87      8.702610665291766523e+00
88      1.093865921457169854e+01
89      1.081575293206131150e+01
90      1.299543186473221645e+01
91      1.386579313500860522e+01
92      1.502226325160594733e+01
93      1.657994100504824431e+01
94      1.987134113037961569e+01
95      2.159074906964209717e+01
96      2.222647671192610375e+01
97      2.334957558736006433e+01
98      2.663477088474157384e+01
99      2.813482630037633569e+01
100     3.141191589843072762e+01
101     3.338769119140498987e+01
102     3.306036088847860555e+01
103     3.375795616333019211e+01
104     3.524594769053486232e+01
105     3.699068839952471421e+01
106     3.775577707239026637e+01
107     4.053973175304894738e+01
108     4.655107931346257999e+01
109     4.833018373920066324e+01
110     4.817661023821969479e+01
111     5.079965257442479754e+01
112     5.433055666817764973e+01
113     5.602758947142913826e+01
114     5.796751639646076626e+01
115     6.057639386181008945e+01
116     6.021103673393486844e+01
117     6.052354457452086933e+01
118     6.270541298529674634e+01
119     6.326879883970907770e+01
120     7.015820990881752550e+01
121     7.320625505090970364e+01
122     7.260620377909573619e+01
123     7.624962232670524998e+01
124     7.697296626993916391e+01
125     7.988742680905815519e+01
126     7.950282892910720989e+01
127     7.887682240406114431e+01
128     7.826059723093862885e+01
129     8.050244745703892590e+01
130     8.219894067553474315e+01
131     8.386245692099417681e+01
132     8.460368724409183017e+01
133     8.832091079532848710e+01
134     9.117493140534122631e+01
135     9.273207539820305101e+01
136     9.646739044326604073e+01
137     9.752002324425481561e+01
138     9.726204755484918962e+01
139     9.670806367929463931e+01
140     9.601729179153933558e+01
141     9.701003347288184386e+01
142     1.013472268831541641e+02
143     1.014726202755379347e+02
144     1.007679493119256620e+02
145     1.019771080646499826e+02
146     1.018592775427436692e+02
147     1.031936223707046594e+02
148     1.024963681632823977e+02
149     1.018084730702356211e+02
150     1.012077130873422561e+02
151     1.020622590446066908e+02
152     1.052473538395474151e+02
153     1.059848027029876079e+02
154     1.084663382112991314e+02
155     1.077665553792716082e+02
156     1.070757441220755481e+02
157     1.078040861099479741e+02
158     1.105591608785613715e+02
159     1.148330894557992963e+02
160     1.162052058897849491e+02
161     1.179459796482287857e+02
162     1.172179180904079487e+02
163     1.175954513321379267e+02
164     1.221323172438661118e+02
165     1.284138115075771509e+02
166     1.297584014056908472e+02
167     1.289814050727449910e+02
168     1.317137534976770894e+02
169     1.309343822181384951e+02
170     1.313515157843677059e+02
171     1.332671584924829062e+02
172     1.324923494578292207e+02
173     1.368606986195738955e+02
174     1.396865142421572727e+02
175     1.410251213385205631e+02
176     1.422883466077267371e+02
177     1.463197723778112334e+02
178     1.464387953038589956e+02
179     1.539240305017539754e+02
180     1.537882991816720448e+02
181     1.529386400578694349e+02
182     1.622987682093800572e+02
183     1.678274011356290032e+02
184     1.715442277685209831e+02
185     1.778115227594817327e+02
186     1.768555468304900842e+02
187     1.759097952288445867e+02
188     1.835973468537808913e+02
189     1.901144505738918440e+02
190     1.916073744604224203e+02
191     1.985871995162733867e+02
192     2.027757799780603705e+02
193     2.157435175907025950e+02
194     2.260863387905478703e+02
195     2.327186966109230752e+02
196     2.365405035937585865e+02
197     2.378280387039398249e+02
198     2.455801551279321870e+02
199     2.487679291719244077e+02
200     2.495487301172293542e+02
201     2.483071943150690117e+02
202     2.580392270584658263e+02
203     2.567680980140337965e+02
204     2.652678229346731769e+02
205     2.718157114345911509e+02
206     2.835643455514701259e+02
207     2.846835352021067820e+02
208     2.845834146091642651e+02
209     2.849711804012289349e+02
210     2.867577822482982128e+02
211     2.946081930475401123e+02
212     2.991716449464298080e+02
213     3.003736558582010048e+02
214     3.157390797083040184e+02
215     3.304933833466965893e+02
216     3.289633215774684913e+02
217     3.367116674417812305e+02
218     3.390900843957164739e+02
219     3.375417281069240971e+02
220     3.360074478883413462e+02
221     3.344870525476346756e+02
222     3.524206169210812050e+02
223     3.685562673198734274e+02
224     3.700471609576777610e+02
225     3.770677992709822774e+02
226     3.760017923176198451e+02
227     3.779922151449704302e+02
228     3.763343549204803367e+02
229     3.795747165233437954e+02
230     3.779243920250329438e+02
231     3.785477835162138831e+02
232     3.917804514138537684e+02
233     3.947496600001887259e+02
234     3.930626957735040037e+02
235     3.974263567834972264e+02
236     3.957423469278410835e+02
237     4.077593779997592378e+02
238     4.102493750786161968e+02
239     4.143246819119457882e+02
240     4.196609156404379064e+02
241     4.341448492065316600e+02
242     4.478204229461278487e+02
243     4.641984508568976935e+02
244     4.765523342597847432e+02
245     5.098322864285304945e+02
246     5.444978361705109364e+02
247     5.773609733237740329e+02
248     5.964179491501970460e+02
249     6.190042931190356512e+02
250     6.194773975215647397e+02
251     6.367662842453732992e+02
252     6.383684415783745862e+02
253     6.385760849009977846e+02
254     6.465429167369866263e+02
255     6.440074560922863611e+02
256     6.487112804345451877e+02
257     6.461871135972901357e+02
258     6.538660772570535755e+02
259     6.513414993938984026e+02
260     6.601535523209051917e+02
261     6.642163617460488467e+02
262     6.671258796645782922e+02
263     6.761626394234579038e+02
264     6.867244226681061718e+02
265     6.841330127672641765e+02
266     6.914709277205637363e+02
267     6.951979049026872417e+02
268     7.066601005356911855e+02
269     7.040331135870403614e+02
270     7.296005429577180621e+02
271     7.525546831717954319e+02
272     8.070186854149173996e+02
273     8.323918345877473257e+02
274     8.894217617990108238e+02
275     9.179216366064782733e+02
276     9.145958369898432920e+02
277     9.411619353802066144e+02
278     9.512834641180984363e+02
279     9.607152887155879171e+02
280     9.753320955834833512e+02
281     1.032260043194532500e+03
282     1.122558690666880921e+03
283     1.178847727527396955e+03
284     1.202855005243188771e+03
285     1.276815014006154797e+03
286     1.316718541309697002e+03
287     1.356669623417359389e+03
288     1.351958965579318146e+03
289     1.446110948022523871e+03
290     1.561228316750378326e+03
291     1.604070965939525877e+03
292     1.675996606838701155e+03
293     1.700108963536307328e+03
294     1.707213448236640943e+03
295     1.839515678831160812e+03
296     1.895377397882031801e+03
297     1.971856414842386130e+03
298     2.265096244406689493e+03
299     2.380405211574060104e+03
300     2.530149977435208257e+03
301     2.758086539822653776e+03
302     2.798478117403391934e+03
303     2.986037092969972036e+03
304     3.321241516637001951e+03
305     3.431403406666618594e+03
306     3.469297258009842608e+03
307     3.605921546970104828e+03
308     3.708087950176190134e+03
309     3.824658790034582580e+03
310     3.884396317717322290e+03
311     3.954095910462638130e+03
312     3.962808454362443626e+03
313     4.100730111900576958e+03
314     4.101218020663295647e+03
315     4.347147773380500439e+03
316     4.410757971137708410e+03
317     4.637599043373827953e+03
318     4.746491753530584901e+03
319     5.350988234088686113e+03
320     5.862738134197809813e+03
321     5.882398656499133722e+03
322     5.906486537820165722e+03
323     6.320811439413735570e+03
324     6.301302799136445174e+03
325     6.806952420918198186e+03
326     7.425737805866396229e+03
327     8.252313387262811375e+03
328     8.626167701905531430e+03
329     8.923926601288067104e+03
330     9.459355078580212648e+03
331     1.024291510878973713e+04
332     1.101892552078981680e+04
333     1.201973762797685049e+04
334     1.202856464084107756e+04
335     1.257958709203364197e+04
336     1.295509729949964458e+04
337     1.371137448322283672e+04
338     1.395570204080280018e+04
339     1.469771943507929245e+04
340     1.465449196637232126e+04
341     1.543013372567353508e+04
342     1.560102661900526800e+04
343     1.623564517924598840e+04
344     1.618844924150603401e+04
345     1.735907613842773571e+04
346     1.793107436359050917e+04
347     1.965210640731830063e+04
348     2.083262798238984760e+04
349     2.199287008687724301e+04
350     2.214243186249636710e+04
351     2.276547241869924255e+04
352     2.359461004682075873e+04
353     2.445685134060028940e+04
354     2.554529636625049170e+04
355     2.742170673490456829e+04
356     2.748133877812592618e+04
357     2.957524960947219370e+04
358     2.977342764462039486e+04
359     3.003278234171941949e+04
360     3.083834136025963744e+04
361     3.128510744769184021e+04
362     3.131873525272597180e+04
363     3.220181204397941474e+04
364     3.279762945550937002e+04
365     3.319876591840577748e+04
366     3.375152639153075870e+04
367     3.471680775079409796e+04
368     3.571662238179394626e+04
369     3.572053693089267472e+04
370     3.589031779662324698e+04
371     3.619378304269313230e+04
372     3.698300935278979887e+04
373     3.766175777973511867e+04
374     3.822770068410145177e+04
375     3.875634389126786118e+04
376     3.865327248187773512e+04
377     3.902873832686820242e+04
378     3.892549065822508419e+04
379     3.928414158868138475e+04
380     3.932769246556093276e+04
381     3.938998810444234550e+04
382     4.039946290186883562e+04
383     4.048416294813442801e+04
384     4.101273431713692116e+04
385     4.104911086125328438e+04
386     4.125903239860728354e+04
387     4.179628995123109053e+04
388     4.228426636947508086e+04
389     4.217557151078242896e+04
390     4.231043230620628310e+04
391     4.220222715303832229e+04
392     4.238321652656411607e+04
393     4.278556874116515974e+04
394     4.302663388550317904e+04
395     4.319053293360365205e+04
396     4.410328354220774054e+04
397     4.478988047343877406e+04
398     4.528915120197641954e+04
399     4.569536738815408899e+04
400     4.677808987595715735e+04
401     4.871214671376613842e+04
402     4.957736366864915908e+04
403     4.995939180633824435e+04
404     5.019962357298695861e+04
405     5.040966157533600199e+04
406     5.058224393936728302e+04
407     5.181830181180813088e+04
408     5.210225134008632449e+04
409     5.210416410562684177e+04
410     5.279667718806827179e+04
411     5.322238195751247986e+04
412     5.348146706458843255e+04
413     5.387539662606596539e+04
414     5.374526599880003778e+04
415     5.481877870407605224e+04
416     5.526413832376169012e+04
417     5.513161420338060998e+04
418     5.565183930518614943e+04
419     5.564608755342858785e+04
420     5.594071507760883833e+04
421     5.586205695112262038e+04
422     5.577173796437926649e+04
423     5.652550498178998532e+04
424     5.688407889057917055e+04
425     5.710168812187073490e+04
426     5.793376608618445607e+04
427     5.828750152162645827e+04
428     5.841690587849574513e+04
429     5.872940481400358840e+04
430     5.860263459619797504e+04
431     5.923971858093077753e+04
432     5.965502040960570594e+04
433     5.968730366679668805e+04
434     6.009301671110968891e+04
435     6.043585093036287435e+04
436     6.046153597640982480e+04
437     6.032318187735488755e+04
438     6.026952500657215569e+04
439     6.049187281664707552e+04
440     6.064780004760763404e+04
441     6.154940913239881775e+04
442     6.145820861087949743e+04
443     6.131948084538673720e+04
444     6.139481562530819792e+04
445     6.138952597571876686e+04
446     6.154932289571954607e+04
447     6.178645320888930291e+04
448     6.207904130863969476e+04
449     6.203477972441327438e+04
450     6.240058879453304689e+04
451     6.263757621325957007e+04
452     6.260411875308927119e+04
453     6.268496016896941001e+04
454     6.254689128912541491e+04
455     6.283517859636772482e+04
456     6.301957514036478096e+04
457     6.314241568196839944e+04
458     6.300455409663222963e+04
459     6.287708348883775761e+04
460     6.298700864232396270e+04
461     6.331096658546436083e+04
462     6.317393177855524846e+04
463     6.321425940468193585e+04
464     6.309437525792878296e+04
465     6.295868969757117884e+04
466     6.291402526134407526e+04
467     6.316030678953087045e+04
468     6.329837515180739138e+04
469     6.357460546566774428e+04
470     6.343934319422379485e+04
471     6.330465494608230802e+04
472     6.402002703797622962e+04
473     6.396676814257833030e+04
474     6.392701794858160429e+04
475     6.402827058876617230e+04
476     6.389375869586207409e+04
477     6.388222965742847737e+04
478     6.374858608259024186e+04
479     6.392018207610846002e+04
480     6.422650717759129475e+04
481     6.422493788324620255e+04
482     6.452341357785779837e+04
483     6.438982478510797228e+04
484     6.425678803266831528e+04
485     6.419055567999985215e+04
486     6.405847558945980563e+04
487     6.456020494581750245e+04
488     6.468870594987365621e+04
489     6.476824745534044632e+04
490     6.485259668722252536e+04
491     6.472051561421022052e+04
492     6.471612703446549858e+04
493     6.493896659372170689e+04
494     6.512723514829071792e+04
495     6.513812832935963525e+04
496     6.512127204260192229e+04
497     6.515128312183887465e+04
498     6.532013882510186522e+04
499     6.557877340022278077e+04
500     6.555732881200152042e+04
501     6.542647713289775129e+04
502     6.551468462654417090e+04
503     6.554844687373132911e+04
504     6.573011918564763619e+04
505     6.590939152870331600e+04
506     6.580044132472082856e+04
507     6.575570960143821139e+04
508     6.580963586318942544e+04
509     6.584261107857497700e+04
510     6.576041042375426332e+04
511     6.576218121984784375e+04
512     6.580510772225489200e+04
513     6.592916783976403531e+04
514     6.584657895371322229e+04
515     6.571872092149348464e+04
516     6.577944598871462222e+04
517     6.565221258790610591e+04
518     6.559169574824569281e+04
519     6.565331959417623875e+04
520     6.552706243329647259e+04
521     6.546420690679515974e+04
522     6.567558966841131041e+04
523     6.568318399887475243e+04
524     6.566579653492983198e+04
525     6.565735036350110022e+04
526     6.569966915722297563e+04
527     6.589328711094577739e+04
528     6.632056701472199347e+04
529     6.619519635053354432e+04
530     6.620681027990885195e+04
531     6.612897645704586466e+04
532     6.610981500205342309e+04
533     6.612919892983672617e+04
534     6.600536039779399289e+04
535     6.625195879222762596e+04
536     6.626458317363414972e+04
537     6.632627035937704204e+04
538     6.664001513617437740e+04
539     6.664440237503607932e+04
540     6.656025292863178765e+04
541     6.649646669517627743e+04
542     6.637377826884426759e+04
543     6.633986578739233664e+04
544     6.627323480069081415e+04
545     6.615163124544185121e+04
546     6.611027438432231429e+04
547     6.618923592431435827e+04
548     6.613558915386244189e+04
549     6.601512252778836410e+04
550     6.596297187401542033e+04
551     6.604048138184570416e+04
552     6.605284756220593408e+04
553     6.593340187368210172e+04
554     6.586796126971092599e+04
555     6.574927915151744673e+04
556     6.563102372849019594e+04
557     6.572494734957951005e+04
558     6.569026157486558077e+04
559     6.570531024548740243e+04
560     6.569985710213037964e+04
561     6.568927786880474014e+04
562     6.571698257637236384e+04
563     6.560025484757285449e+04
564     6.550693249086043943e+04
565     6.548523807260918693e+04
566     6.540558341962158011e+04
567     6.531146013741878414e+04
568     6.539088308461560518e+04
569     6.531240015974573907e+04
570     6.525878227896261524e+04
571     6.550869012249947264e+04
572     6.541958301305556233e+04
573     6.552813306843108876e+04
574     6.552326568839184620e+04
575     6.554774957894571708e+04
576     6.548869955766289786e+04
577     6.555170870316082437e+04
578     6.552551104503165698e+04
579     6.544625043673269829e+04
580     6.540714947196340654e+04
581     6.531551016547949257e+04
582     6.534196784384619241e+04
583     6.541485845185656217e+04
584     6.535545678461112402e+04
585     6.533419320611251896e+04
586     6.525973878185356443e+04
587     6.514856312989113940e+04
588     6.503776557832241087e+04
589     6.501098085155912850e+04
590     6.494173296982709871e+04
591     6.494173563564357028e+04
592     6.485911395543164690e+04
593     6.482953808710096928e+04
594     6.488811165860520123e+04
595     6.487711618140387873e+04
596     6.483569996472390631e+04
597     6.482625317962771078e+04
598     6.483558461507270840e+04
599     6.474350445789350488e+04
600     6.467511674522588146e+04
601     6.462452747252143308e+04
602     6.458636148015017534e+04
603     6.447925239393193624e+04
604     6.441986804081017181e+04
605     6.434520091694789880e+04
606     6.428211099352446035e+04
607     6.421038137510159140e+04
608     6.417831728155285236e+04
609     6.409692837531665282e+04
610     6.401083595332025288e+04
611     6.391740238178110303e+04
612     6.383712543124535296e+04
613     6.374042133350604126e+04
614     6.368302130923855293e+04
615     6.361595241001668910e+04
616     6.351267872738272126e+04
617     6.341472634622087935e+04
618     6.331211248013244040e+04
619     6.321699806303643709e+04
620     6.314971447576649371e+04
621     6.304802305693690141e+04
622     6.305559252588533127e+04
623     6.296400359058818140e+04
624     6.286309875626421126e+04
625     6.279991227819237974e+04
626     6.269959191821493005e+04
627     6.260978157355434087e+04
628     6.255482194948839606e+04
629     6.247441884006309556e+04
630     6.238000683395469241e+04
631     6.230461085902956256e+04
632     6.222147059350956988e+04
633     6.217478594829772919e+04
634     6.207671746223654918e+04
635     6.210471514102298534e+04
636     6.265487635788699845e+04
637     6.274385458076213399e+04
638     6.292501629928001785e+04
639     6.294891885921426729e+04
640     6.350546482220157486e+04
641     6.379709381519201997e+04
642     6.412978950981405796e+04
643     6.406770278676313319e+04
644     6.416910639744671789e+04
645     6.423078787585962709e+04
646     6.427232838064972748e+04
647     6.427082908260112890e+04
648     6.444363969401876238e+04
649     6.435635049256968341e+04
650     6.454370078113795898e+04
651     6.482993494127777376e+04
652     6.489695798232402740e+04
653     6.489751541189139243e+04
654     6.499744262900714239e+04
655     6.523667309046463197e+04
656     6.525596694997834129e+04
657     6.526770283117110375e+04
658     6.539914152352359088e+04
659     6.613064376353420084e+04
660     6.615080913530690304e+04
661     6.667624504134693416e+04
662     6.686981953710749804e+04
663     6.699033339501745650e+04
664     6.703611787208005262e+04
665     6.714505049932649126e+04
666     6.728171026533495751e+04
667     6.727924920492239471e+04
668     6.766221083203524176e+04
669     6.781053362330039090e+04
670     6.857865012756580836e+04
671     6.898663236847220105e+04
672     6.941708905438357033e+04
673     6.991997150901670102e+04
674     7.027861160263123747e+04
675     7.035840207165633910e+04
676     7.025432333610994101e+04
677     7.079050218133875751e+04
678     7.077379256425157655e+04
679     7.105784509470312332e+04
680     7.158960391938620887e+04
681     7.189302097766204679e+04
682     7.206060667822266987e+04
683     7.245551246088248445e+04
684     7.267544840046942409e+04
685     7.302110932070275885e+04
686     7.340953344691218808e+04
687     7.348995574594367645e+04
688     7.371539326846451149e+04
689     7.414329772138678527e+04
690     7.554265198697931191e+04
691     7.642662970783670607e+04
692     7.665932136144116521e+04
693     7.701050002567103365e+04
694     7.725280846852833929e+04
695     7.771221699728896783e+04
696     7.821675520379659429e+04
697     7.878491484727246279e+04
698     7.877345390132124885e+04
699     7.889837066521882662e+04
700     7.960345755290436500e+04
701     7.954447868889066740e+04
702     7.972491557316562103e+04
703     7.981701720365099027e+04
704     7.975011812326865038e+04
705     8.015654251374711748e+04
706     8.050487193337183271e+04
707     8.060435990356453112e+04
708     8.049051561808532279e+04
709     8.037699311630531156e+04
710     8.148362002078845399e+04
711     8.158082804274911177e+04
712     8.333752894632895186e+04
713     8.463113905420624360e+04
714     8.541453818868828239e+04
715     8.607030807600032131e+04
716     8.595010426101721532e+04
717     8.716587263252880075e+04
718     8.704447713591605134e+04
719     9.114637461619453097e+04
720     9.289911353487081942e+04
721     9.336122651564719854e+04
722     9.323192875896986516e+04
723     9.463939035901721218e+04
724     9.518373524276548414e+04
725     9.592352584096050123e+04
726     9.684588423971239536e+04
727     9.907432171038541128e+04
728     1.003421002770366904e+05
729     1.013349639949237608e+05
730     1.025618976293985033e+05
731     1.024216083350875415e+05
732     1.026502919809976302e+05
733     1.025102665727278945e+05
734     1.024922312156225962e+05
735     1.035965841664252512e+05
736     1.049108772665891738e+05
737     1.047685540338162973e+05
738     1.056689011867039808e+05
739     1.068602917387838825e+05
740     1.075472737959541701e+05
741     1.082739265555359452e+05
742     1.100037511038171069e+05
743     1.111877358687374362e+05
744     1.119277273770120082e+05
745     1.123590196842460282e+05
746     1.133972922693511937e+05
747     1.138654758896887215e+05
748     1.146997302994731435e+05
749     1.155211252385139669e+05
750     1.153671097917990555e+05
751     1.158698979121038428e+05
752     1.157158283175276010e+05
753     1.159753414745504269e+05
754     1.168652582129131333e+05
755     1.175711610408014240e+05
756     1.179966204885154002e+05
757     1.188055544317042513e+05
758     1.195211184599960106e+05
759     1.193636504992939299e+05
760     1.192065976133061340e+05
761     1.194792148688212037e+05
762     1.196256325468770083e+05
763     1.201585696508006949e+05
764     1.201155193909094523e+05
765     1.207402785171321593e+05
766     1.210490003150900156e+05
767     1.218258522378946946e+05
768     1.229641085267798189e+05
769     1.234903651242877822e+05
770     1.236777804248434113e+05
771     1.236226780511532270e+05
772     1.244239415724632854e+05
773     1.261210278384261183e+05
774     1.267947414943947224e+05
775     1.269737318427523860e+05
776     1.270597035443334316e+05
777     1.278388239904779039e+05
778     1.281270889980012871e+05
779     1.286840036343034881e+05
780     1.285190238387431600e+05
781     1.288602877377015830e+05
782     1.290345920956483169e+05
783     1.292939782424917939e+05
784     1.312539538247758464e+05
785     1.317661617780933739e+05
786     1.325432271468717954e+05
787     1.324962045112007763e+05
788     1.351993941205752781e+05
789     1.354367699909682269e+05
790     1.375970992298704514e+05
791     1.376055929972070153e+05
792     1.386700540883668873e+05
793     1.406851347095971869e+05
794     1.408334441073140479e+05
795     1.415850509008990484e+05
796     1.426721718204325298e+05
797     1.448523790988239052e+05
798     1.456115609718335327e+05
799     1.464264957690631563e+05
800     1.468074969347034348e+05
801     1.494648246314717981e+05
802     1.502644603979744425e+05
803     1.519160921727911627e+05
804     1.531874942751544586e+05
805     1.529972037038832786e+05
806     1.531707871798289125e+05
807     1.531843378517547681e+05
808     1.555471899972534738e+05
809     1.565955517408306769e+05
810     1.589442477832740406e+05
811     1.590813047613299859e+05
812     1.594346366726351844e+05
813     1.593650983946228516e+05
814     1.592661100676253554e+05
815     1.597750695711150474e+05
816     1.604138969336070004e+05
817     1.602637228198350058e+05
818     1.600678042162281054e+05
819     1.608105845200061449e+05
820     1.615204935024221486e+05
821     1.618635241482784040e+05
822     1.630611376522584469e+05
823     1.638532628940977738e+05
824     1.641053848401802534e+05
825     1.647841506020974775e+05
826     1.651264086858495139e+05
827     1.658161124156374717e+05
828     1.666955427500668156e+05
829     1.692576648848933401e+05
830     1.698197351119092491e+05
831     1.700613530739768757e+05
832     1.705809756263648742e+05
833     1.714147939165561402e+05
834     1.732068695868328796e+05
835     1.747110590294234571e+05
836     1.757396664249745081e+05
837     1.774407580201770470e+05
838     1.772290495053989580e+05
839     1.782496231795000494e+05
840     1.793615091859608074e+05
841     1.791482656664067763e+05
842     1.791815127241068112e+05
843     1.789689755774259102e+05
844     1.787569337617952260e+05
845     1.791715903084500751e+05
846     1.795387928487984173e+05
847     1.796654997789746267e+05
848     1.794536430160808086e+05
849     1.792422844611947949e+05
850     1.791427398074061493e+05
851     1.794150221296062227e+05
852     1.816352162011999462e+05
853     1.840549002125154657e+05
854     1.848081278110852290e+05
855     1.859031883840687515e+05
856     1.856860357274904381e+05
857     1.860563521279458364e+05
858     1.864832437623236328e+05
859     1.862661853468827612e+05
860     1.872785995037015236e+05
861     1.873410855391834630e+05
862     1.873911086719147861e+05
863     1.871739822183881479e+05
864     1.871950255598878139e+05
865     1.872208506660557468e+05
866     1.881096962709543877e+05
867     1.887453595363442728e+05
868     1.901829781284267665e+05
869     1.907660786264613853e+05
870     1.929183093539539550e+05
871     1.937493310967509460e+05
872     1.935271606347029447e+05
873     1.943849908053488180e+05
874     1.941626079135067703e+05
875     1.950633663893853955e+05
876     1.948407163098256278e+05
877     1.954101660335658235e+05
878     1.961985153824697481e+05
879     1.962902245822224068e+05
880     1.965357298085436632e+05
881     1.972874738197497209e+05
882     1.975593388286155241e+05
883     1.973356238784895395e+05
884     1.971124142886406917e+05
885     1.968897090351139486e+05
886     1.967354712647845445e+05
887     1.965455998054822558e+05
888     1.964175644016473379e+05
889     1.961966424201312475e+05
890     1.961675952962331648e+05
891     1.961531556814699434e+05
892     1.961456727857790247e+05
893     1.965699350132782420e+05
894     1.973966507133254490e+05
895     1.975726626406029682e+05
896     1.974933391771922179e+05
897     1.973927330084769637e+05
898     1.978307721658162773e+05
899     1.980337633112415788e+05
900     1.978137235043547698e+05
901     1.975941721371937310e+05
902     1.974312817100707907e+05
903     1.973463432596893981e+05
904     1.972879536113643262e+05
905     1.975243813029371959e+05
906     1.975815991593422368e+05
907     1.973637661815634929e+05
908     1.975286312821399188e+05
909     1.973113425062111637e+05
910     1.975099420543914021e+05
911     1.978886957127579080e+05
912     1.997884389276634611e+05
913     1.998505306876949617e+05
914     1.998980234458744526e+05
915     2.002383893525075982e+05
916     2.002136360430740169e+05
917     2.002210607098986220e+05
918     2.005188152612620906e+05
919     2.004468721244022890e+05
920     2.002290052123582573e+05
921     2.005349410280390875e+05
922     2.003174483063670050e+05
923     2.010504739094281395e+05
924     2.010826551327866036e+05
925     2.013706593778484093e+05
926     2.015743708760036970e+05
927     2.019314535557546478e+05
928     2.018094479155899608e+05
929     2.015922262012487336e+05
930     2.013754690411574556e+05
931     2.011591696488784219e+05
932     2.014676416062405042e+05
933     2.012517096913436835e+05
934     2.013880172410051746e+05
935     2.011726307548940240e+05
936     2.012052752200938703e+05
937     2.011114937864737585e+05
938     2.010606085472592094e+05
939     2.012210339047892485e+05
940     2.011795272758515202e+05
941     2.013852681127726682e+05
942     2.015194125101708341e+05
943     2.014310725622200989e+05
944     2.019511853170510731e+05
945     2.021933163218857080e+05
946     2.020427649976025277e+05
947     2.019432906293275300e+05
948     2.022807908616190543e+05
949     2.021135727564171248e+05
950     2.019352397828852409e+05
951     2.017229117561287130e+05
952     2.015110244983104640e+05
953     2.019061896660590428e+05
954     2.017401295396703354e+05
955     2.019739904209840752e+05
956     2.025862256781926553e+05
957     2.028684523367272050e+05
958     2.029196278304126754e+05
959     2.031735798532379267e+05
960     2.035493768138680607e+05
961     2.037191224057239306e+05
962     2.037202828948342649e+05
963     2.039910794613442267e+05
964     2.044041157033714408e+05
965     2.049635270268440945e+05
966     2.049969569369287346e+05
967     2.058625856755142740e+05
968     2.059426139428113238e+05
969     2.068605639411824523e+05
970     2.069547272085970326e+05
971     2.067893717841219914e+05
972     2.069159190939390974e+05
973     2.073036135440765938e+05
974     2.075603856551895442e+05
975     2.075037047926485247e+05
976     2.072911007246995869e+05
977     2.071671761729170394e+05
978     2.073986711562967103e+05
979     2.073675455951729091e+05
980     2.071559430953668489e+05
981     2.070088590508690686e+05
982     2.069502014505096886e+05
983     2.068651752190886473e+05
984     2.066814037485981535e+05
985     2.067449444006255653e+05
986     2.068240974162027996e+05
987     2.066145438818114926e+05
988     2.064596065422372776e+05
989     2.071513023278331675e+05
990     2.073492987413946830e+05
991     2.075333661711653112e+05
992     2.075864007141542097e+05
993     2.073773517216242908e+05
994     2.071687189285198983e+05
995     2.070411740904552280e+05
996     2.068332981402924052e+05
997     2.067934385891450511e+05
998     2.068110536509217054e+05
999     2.068159994145604433e+05
1000    2.069501365755802544e+05
1001    2.070532417292517493e+05
1002    2.071627558164056391e+05
1003    2.072622179309439089e+05
1004    2.074297528121892828e+05
1005    2.074657821583169280e+05
1006    2.078634554577452363e+05
1007    2.083297809515621339e+05
1008    2.082552061971332005e+05
1009    2.084415939384435478e+05
1010    2.082674605994556332e+05
1011    2.080614617936166469e+05
1012    2.078892474297306617e+05
1013    2.081635028807545605e+05
1014    2.080900910474888224e+05
1015    2.082741825934113003e+05
1016    2.081130626874311129e+05
1017    2.082131190618972760e+05
1018    2.086540732635190361e+05
1019    2.086880184293461207e+05
1020    2.090689975941537996e+05
1021    2.092795428000327083e+05
1022    2.090747652660697931e+05
1023    2.088703875933115778e+05
1024    2.089731978842302633e+05
1025    2.094915333993396198e+05
1026    2.097069140936042531e+05
1027    2.101302178278100328e+05
1028    2.102676671391342825e+05
1029    2.102499769567777694e+05
1030    2.102616077813854499e+05
1031    2.103302141858642281e+05
1032    2.101264002742602315e+05
1033    2.100887777906139672e+05
1034    2.099084579299301258e+05
1035    2.097056415675593598e+05
1036    2.098598679767107533e+05
1037    2.097432085550983902e+05
1038    2.097721638263666828e+05
1039    2.097628765586195514e+05
1040    2.099731842007086379e+05
1041    2.100128568975079979e+05
1042    2.098113040516885230e+05
1043    2.096101362801343785e+05
1044    2.097618973312960006e+05
1045    2.098247227611820563e+05
1046    2.097335029424624518e+05
1047    2.097902080145328946e+05
1048    2.098996345022019232e+05
1049    2.100227577864027990e+05
1050    2.102606136446472956e+05
1051    2.101088766342863382e+05
1052    2.100495316498533648e+05
1053    2.099858499004255282e+05
1054    2.098123686483620841e+05
1055    2.096134880830252368e+05
1056    2.094149841973131406e+05
1057    2.092453485484228295e+05
1058    2.090570564352798392e+05
1059    2.091537586878969450e+05
1060    2.098908678598311089e+05
1061    2.103373341364203370e+05
1062    2.105239358486730780e+05
1063    2.104243194287758379e+05
1064    2.107850484631603758e+05
1065    2.105871289294151065e+05
1066    2.106753512144518318e+05
1067    2.129583399118492671e+05
1068    2.132618430314023572e+05
1069    2.130623602607036592e+05
1070    2.133490703513016633e+05
1071    2.139053529882662697e+05
1072    2.150160113964779885e+05
1073    2.152931402200578596e+05
1074    2.158152883649815340e+05
1075    2.160234086353085586e+05
1076    2.158226431338586553e+05
1077    2.158316477192678722e+05
1078    2.157248517720255477e+05
1079    2.157368102979105024e+05
1080    2.158285043729784375e+05
1081    2.157520632972348831e+05
1082    2.155859697349441703e+05
1083    2.154373124414117483e+05
1084    2.152898346805165347e+05
1085    2.151474148756264185e+05
1086    2.150198863029951171e+05
1087    2.149888668333755923e+05
1088    2.149638518750647199e+05
1089    2.150747883568137768e+05
1090    2.148774687704136886e+05
1091    2.147439934150641784e+05
1092    2.146889889751822629e+05
1093    2.152765461577452079e+05
1094    2.152070164788605471e+05
1095    2.156645206438373134e+05
1096    2.158319229817218729e+05
1097    2.158377064869725727e+05
1098    2.161727157570566924e+05
1099    2.163838720114402531e+05
1100    2.163068567424573412e+05
1101    2.172645220896017272e+05
1102    2.174232448054686247e+05
1103    2.174552738120409776e+05
1104    2.177597375925767119e+05
1105    2.182391776355801849e+05
1106    2.180418660229268426e+05
1107    2.185927958361101337e+05
1108    2.187670980989560776e+05
1109    2.185698387875225744e+05
1110    2.187887449671661307e+05
1111    2.186812229428658611e+05
1112    2.186143883420671336e+05
1113    2.195477630969436432e+05
1114    2.195336685141800262e+05
1115    2.198244910988101910e+05
1116    2.196275149553143128e+05
1117    2.195560639096685918e+05
1118    2.196517916856002121e+05
1119    2.194554973249250907e+05
1120    2.193098366108303308e+05
1121    2.193925854145066405e+05
1122    2.196976438031566504e+05
1123    2.198877601644032693e+05
1124    2.203657649082433491e+05
1125    2.208583338216645934e+05
1126    2.206719819977139705e+05
1127    2.205976527957418002e+05
1128    2.204860920285377651e+05
1129    2.207048033029771177e+05
1130    2.206118185663195909e+05
1131    2.205297165428024600e+05
1132    2.205828982585884805e+05
1133    2.206399597375670855e+05
1134    2.207912329658862727e+05
1135    2.206916500480180548e+05
1136    2.209590258778730640e+05
1137    2.208928193330356153e+05
1138    2.208123607480494538e+05
1139    2.208285303750131570e+05
1140    2.207124990264812368e+05
1141    2.207783766300927964e+05
1142    2.209534582456608769e+05
1143    2.209198989958333259e+05
1144    2.212520942537955998e+05
1145    2.211618055971473805e+05
1146    2.210843198179680039e+05
1147    2.214857625943579478e+05
1148    2.218287965082899609e+05
1149    2.221493855617341760e+05
1150    2.220216431298126990e+05
1151    2.219243913795676781e+05
1152    2.218682997591437597e+05
1153    2.217116152903101756e+05
1154    2.216380312785760907e+05
1155    2.214461307531324856e+05
1156    2.213656359281609766e+05
1157    2.218257275193185487e+05
1158    2.219768101994330355e+05
1159    2.220653723813668475e+05
1160    2.219444785408409371e+05
1161    2.217878466034474841e+05
1162    2.217844951924436318e+05
1163    2.221974085389681568e+05
1164    2.220065149058165262e+05
1165    2.219972802585518511e+05
1166    2.222684710612354684e+05
1167    2.226667466370796319e+05
1168    2.225997103919905203e+05
1169    2.225327897541853599e+05
1170    2.229150987498830073e+05
1171    2.232746951346380520e+05
1172    2.233111942689819552e+05
1173    2.231663700521993160e+05
1174    2.232282371096985880e+05
1175    2.231345049781692796e+05
1176    2.229447594676967419e+05
1177    2.227553356749876693e+05
1178    2.227194097441820777e+05
1179    2.229913786918124242e+05
1180    2.228360866370575968e+05
1181    2.227940088013227796e+05
1182    2.226920475438074791e+05
1183    2.226420811783099198e+05
1184    2.226075144167977851e+05
1185    2.229009007616729941e+05
1186    2.233113562136992114e+05
1187    2.233380556771538977e+05
1188    2.234513628299315460e+05
1189    2.239141889432487369e+05
1190    2.238189501235969074e+05
1191    2.236310213533595379e+05
1192    2.235917823184062436e+05
1193    2.234848116321263369e+05
1194    2.233579233895374055e+05
1195    2.235327195598575054e+05
1196    2.233458134515841084e+05
1197    2.234835797717467067e+05
1198    2.236732932827942423e+05
1199    2.235546311358381645e+05
1200    2.234516170799181273e+05
1201    2.239296911132926762e+05
1202    2.237433877349744434e+05
1203    2.242647447807667486e+05
1204    2.241519171953506884e+05
1205    2.240692705573569401e+05
1206    2.238834705308362318e+05
1207    2.240686270552036876e+05
1208    2.241497263367274427e+05
1209    2.241311955104484514e+05
1210    2.241953781637207721e+05
1211    2.241590419249999977e+05
1212    2.240434391323069576e+05
1213    2.240318405820973567e+05
1214    2.240057297116810223e+05
1215    2.238677750745891244e+05
1216    2.239865022208244482e+05
1217    2.241950653714009968e+05
1218    2.246354156176488614e+05
1219    2.244511315013243584e+05
1220    2.248459975884450250e+05
1221    2.249766582177697856e+05
1222    2.248265072402573423e+05
1223    2.246494560048261192e+05
1224    2.247290525722024613e+05
1225    2.245562000931630027e+05
1226    2.245401160615747212e+05
1227    2.244384376284174796e+05
1228    2.242797063578064844e+05
1229    2.242090717205087421e+05
1230    2.242365467439573258e+05
1231    2.243642730846289487e+05
1232    2.245015596620432625e+05
1233    2.243194781095082872e+05
1234    2.244113429695487139e+05
1235    2.242973928413498215e+05
1236    2.243094780048322864e+05
1237    2.243134177131039614e+05
1238    2.241322249801603029e+05
1239    2.239797470475558657e+05
1240    2.241431311500503507e+05
1241    2.244994215952050290e+05
1242    2.244300536837337422e+05
1243    2.244866715597407892e+05
1244    2.245013619020917104e+05
1245    2.244479851779967430e+05
1246    2.243618191335430020e+05
1247    2.242050461496734351e+05
1248    2.240485240284863394e+05
1249    2.239247198827143584e+05
1250    2.240520666293434042e+05
1251    2.242622599574521591e+05
1252    2.244293742685689940e+05
1253    2.245329056096044369e+05
1254    2.243538516466676374e+05
1255    2.241750813417851168e+05
1256    2.241763062922884128e+05
1257    2.243941046130478790e+05
1258    2.243247373942135891e+05
1259    2.241465604580539803e+05
1260    2.241972510084344831e+05
1261    2.240386763831411372e+05
1262    2.241054317856753187e+05
1263    2.240507236741020170e+05
1264    2.240175546406281064e+05
1265    2.238948139582528383e+05
1266    2.238036800983162830e+05
1267    2.237396156204860890e+05
1268    2.238648063203027123e+05
1269    2.237918103892063955e+05
1270    2.236394232913866581e+05
1271    2.236502144366694265e+05
1272    2.236399527572165534e+05
1273    2.236126307448648440e+05
1274    2.234371072804792202e+05
1275    2.233767925763140083e+05
1276    2.234885997332262341e+05
1277    2.235521566178683715e+05
1278    2.233772312771862489e+05
1279    2.232465764689481002e+05
1280    2.231773069596494897e+05
1281    2.230177248185259814e+05
1282    2.229125723986564844e+05
1283    2.229912485295426741e+05
1284    2.230564385108540882e+05
1285    2.229358450837296550e+05
1286    2.229996794492818299e+05
1287    2.230391351308661397e+05
1288    2.230180871293197561e+05
1289    2.232089473814419180e+05
1290    2.231118499575056776e+05
1291    2.230085543708442710e+05
1292    2.231196358412884583e+05
1293    2.232811880718861066e+05
1294    2.231086414213860990e+05
1295    2.229363609929040540e+05
1296    2.228901895312093257e+05
1297    2.227183474924130423e+05
1298    2.225467677147800860e+05
1299    2.223754472905278089e+05
1300    2.222043897257106437e+05
1301    2.220335948357055313e+05
1302    2.218630612848098681e+05
1303    2.218075299874698394e+05
1304    2.218453803910182323e+05
1305    2.218030694817217882e+05
1306    2.217295030807909498e+05
1307    2.215704084700583480e+05
1308    2.214574227675107250e+05
1309    2.213158308292172151e+05
1310    2.213777889980504406e+05
1311    2.213419523995444761e+05
1312    2.212456043738108710e+05
1313    2.211624018265750783e+05
1314    2.210415203916479950e+05
1315    2.209703239079812774e+05
1316    2.210302335979774944e+05
1317    2.210983743785373517e+05
1318    2.212901657850093325e+05
1319    2.213819383014913183e+05
1320    2.212467659921219456e+05
1321    2.212547726457217359e+05
1322    2.211861993429020804e+05
1323    2.211349219696610235e+05
1324    2.212223682422091370e+05
1325    2.211497244178082910e+05
1326    2.212309624803087790e+05
1327    2.212524313385588466e+05
1328    2.211401393596888229e+05
1329    2.211207366810222447e+05
1330    2.211676067009564431e+05
1331    2.210580876743310655e+05
1332    2.208921251506961999e+05
1333    2.208056788171846420e+05
1334    2.207251126130504999e+05
1335    2.206252292392593226e+05
1336    2.206463454757904110e+05
1337    2.208729753435316961e+05
1338    2.211420732486666238e+05
1339    2.210428039664394455e+05
1340    2.210120372186930326e+05
1341    2.208916068113651709e+05
1342    2.208647456617450516e+05
1343    2.210748459180181380e+05
1344    2.210749590835798299e+05
1345    2.210034777754504175e+05
1346    2.209334838554209273e+05
1347    2.212852398416579817e+05
1348    2.214836012712290685e+05
1349    2.215171453584858100e+05
1350    2.214950126711674093e+05
1351    2.213310631445047620e+05
1352    2.211673559149300563e+05
1353    2.210038888837169507e+05
1354    2.210123651888748573e+05
1355    2.209296889871808526e+05
1356    2.209365332365530776e+05
1357    2.207737179581076780e+05
1358    2.206835269453803194e+05
1359    2.206612726549431973e+05
1360    2.207529567453105992e+05
1361    2.205907579875412339e+05
1362    2.205589249001699791e+05
1363    2.203971052394899889e+05
1364    2.204752740159072273e+05
1365    2.204161843813433952e+05
1366    2.202548246065395942e+05
1367    2.202518321892863023e+05
1368    2.201419743919839093e+05
1369    2.204190930464068952e+05
1370    2.203364779156556469e+05
1371    2.202328502254602499e+05
1372    2.201341803481311072e+05
1373    2.200337222760711447e+05
1374    2.200361026426620665e+05
1375    2.201251310628421779e+05
1376    2.199926411682516336e+05
1377    2.199395715342631156e+05
1378    2.203286456812109682e+05
1379    2.203472549596080498e+05
1380    2.202721426528375887e+05
1381    2.201126396096943063e+05
1382    2.200594282178479189e+05
1383    2.199453296328553697e+05
1384    2.203622219479540654e+05
1385    2.204345131852553168e+05
1386    2.203667254440992256e+05
1387    2.202967742600135680e+05
1388    2.201883781625345291e+05
1389    2.202319215785994602e+05
1390    2.202613243108101015e+05
1391    2.201791284929286921e+05
1392    2.200209505517681246e+05
1393    2.200078510041947302e+05
1394    2.200147730502790073e+05
1395    2.198570560253171134e+05
1396    2.198550547575007949e+05
1397    2.196976775188469037e+05
1398    2.196266348634161695e+05
1399    2.197177028373635258e+05
1400    2.200947624955711362e+05
1401    2.202517271999120712e+05
1402    2.203150936860152869e+05
1403    2.204184592560364108e+05
1404    2.205311697288077266e+05
1405    2.205300894610246469e+05
1406    2.204251647227701033e+05
1407    2.204353835397115618e+05
1408    2.205483943650516740e+05
1409    2.205830648267437646e+05
1410    2.205042375450265827e+05
1411    2.207285127507086145e+05
1412    2.208849831214896985e+05
1413    2.207680357658903522e+05
1414    2.206119066893001727e+05
1415    2.205724736270723806e+05
1416    2.204167042057132057e+05
1417    2.202611531767058186e+05
1418    2.201688045617257885e+05
1419    2.201761553657971963e+05
1420    2.202707850622248079e+05
1421    2.205455825434674334e+05
1422    2.203904875153942558e+05
1423    2.203825380175565369e+05
1424    2.204678617972995271e+05
1425    2.206106813035570376e+05
1426    2.204609940861379728e+05
1427    2.203065045054704533e+05
1428    2.202138848202623776e+05
1429    2.201346309382491454e+05
1430    2.201497463479961734e+05
1431    2.201730894947300549e+05
1432    2.200193428826932213e+05
1433    2.199186952454988495e+05
1434    2.198208071182600688e+05
1435    2.196676252221881005e+05
1436    2.196129166822817060e+05
1437    2.194600868538380892e+05
1438    2.193531251641996787e+05
1439    2.192756534161938471e+05
1440    2.192090761693801032e+05
1441    2.191841310920074466e+05
1442    2.190321323713794409e+05
1443    2.189658622130122094e+05
1444    2.188441078891414509e+05
1445    2.187509885151262279e+05
1446    2.187458393591799831e+05
1447    2.187388534845934773e+05
1448    2.186125197229459009e+05
1449    2.185941761881610728e+05
1450    2.185823255728424119e+05
1451    2.185162856252015918e+05
1452    2.184736684086390014e+05
1453    2.183980470442977385e+05
1454    2.182877930036804173e+05
1455    2.181915471454120125e+05
1456    2.180416894462020427e+05
1457    2.179562528236714134e+05
1458    2.179941422459414171e+05
1459    2.180048375190547667e+05
1460    2.180804042084446410e+05
1461    2.180791474330293131e+05
1462    2.181897549283245462e+05
1463    2.181436358574794140e+05
1464    2.181865226948047348e+05
1465    2.180676211491202121e+05
1466    2.179282215277157957e+05
1467    2.179497735726285027e+05
1468    2.178450911989400338e+05
1469    2.176967928249663382e+05
1470    2.175486965091168822e+05
1471    2.174008015359915153e+05
1472    2.174313735597495688e+05
1473    2.174160424077983189e+05
1474    2.173541555121022102e+05
1475    2.172067945564427355e+05
1476    2.172157005944998527e+05
1477    2.170686318983358797e+05
1478    2.170977934576513944e+05
1479    2.170001355188257585e+05
1480    2.169293525235508569e+05
1481    2.168364632071878877e+05
1482    2.169044141314059962e+05
1483    2.168057634498134430e+05
1484    2.167258059356661979e+05
1485    2.166336143773427757e+05
1486    2.166873985276451858e+05
1487    2.168317489710328518e+05
1488    2.169201678503254952e+05
1489    2.168107979456268076e+05
1490    2.168207424346565676e+05
1491    2.167003925916116568e+05
1492    2.167318654726145905e+05
1493    2.166151613735575520e+05
1494    2.166574259215224301e+05
1495    2.166384910186061461e+05
1496    2.165180002040849649e+05
1497    2.163733630034386006e+05
1498    2.162453030279581144e+05
1499    2.161211266524880193e+05
1500    2.160171885460962076e+05
1501    2.158732715181066014e+05
1502    2.157295453610381228e+05
1503    2.155860101554170833e+05
1504    2.154867749327785859e+05
1505    2.153435913959981990e+05
1506    2.152005980139193707e+05
1507    2.151211227368180116e+05
1508    2.150664801558615873e+05
1509    2.149367451578378095e+05
1510    2.150144135852870822e+05
1511    2.149041121266465634e+05
1512    2.147619766282265773e+05
1513    2.146200290196222486e+05
1514    2.145193249281614553e+05
1515    2.144076958117979812e+05
1516    2.142733069380049710e+05
1517    2.142188552109252778e+05
1518    2.141091043117243098e+05
1519    2.140950195382635284e+05
1520    2.139717861964796903e+05
1521    2.139065886262168351e+05
1522    2.137975462979755248e+05
1523    2.137171179427590396e+05
1524    2.136207994119908253e+05
1525    2.135055019003190391e+05
1526    2.133982106704583566e+05
1527    2.133803269479733717e+05
1528    2.132617102886846405e+05
1529    2.132564254081112740e+05
1530    2.131515744884238229e+05
1531    2.131841842066888057e+05
1532    2.130635012942496396e+05
1533    2.129937372699758853e+05
1534    2.129741872408478812e+05
1535    2.129689942663616966e+05
1536    2.129761360636440804e+05
1537    2.128554688063196372e+05
1538    2.127840861787172907e+05
1539    2.126458242194091436e+05
1540    2.125522801464976801e+05
1541    2.124738588680052490e+05
1542    2.124714777481030033e+05
1543    2.123337767442336481e+05
1544    2.123265732553681009e+05
1545    2.122234513738420501e+05
1546    2.121270111399088055e+05
1547    2.120298933908680920e+05
1548    2.119765572645495995e+05
1549    2.119624932251839491e+05
1550    2.119077911297449609e+05
1551    2.118633057265032548e+05
1552    2.118339597392087453e+05
1553    2.117586540106369066e+05
1554    2.116363224780575256e+05
1555    2.115221887945225171e+05
1556    2.114552359782733547e+05
1557    2.113736812973711931e+05
1558    2.113465492646413331e+05
1559    2.113002236091155210e+05
1560    2.111647719784124929e+05
1561    2.110294943699684809e+05
1562    2.110901834979423729e+05
1563    2.109551281308308535e+05
1564    2.108202463015495741e+05
1565    2.107395975573349278e+05
1566    2.106437157313448843e+05
1567    2.105754159158890543e+05
1568    2.104411189736375236e+05
1569    2.103363232401851565e+05
1570    2.102221650066078582e+05
1571    2.101286456859658356e+05
1572    2.101012936359162268e+05
1573    2.102085969805928471e+05
1574    2.101332643225469510e+05
1575    2.099998442394141748e+05
1576    2.099038818030360271e+05
1577    2.098396978554972156e+05
1578    2.097621908660935587e+05
1579    2.097167669296207023e+05
1580    2.096477060029986606e+05
1581    2.095150987460387696e+05
1582    2.094875086684176349e+05
1583    2.093701420091995387e+05
1584    2.093568832501503639e+05
1585    2.092886861654662353e+05
1586    2.091567239481518918e+05
1587    2.091614758232827589e+05
1588    2.090297596642237040e+05
1589    2.089898760329756478e+05
1590    2.089708680756312970e+05
1591    2.090402516842782497e+05
1592    2.089828466672477080e+05
1593    2.088713926815677842e+05
1594    2.088293241603830829e+05
1595    2.087985902174249932e+05
1596    2.087625319302666467e+05
1597    2.086598075713643630e+05
1598    2.086104702162075555e+05
1599    2.085362077319632226e+05
1600    2.084337558308607549e+05
1601    2.083035640684344398e+05
1602    2.086987716700746678e+05
1603    2.087522778443736315e+05
1604    2.086279010986584181e+05
1605    2.087589020150251163e+05
1606    2.086668584857962269e+05
1607    2.086021427036701643e+05
1608    2.085749838121281646e+05
1609    2.085379894835703890e+05
1610    2.085456164145548246e+05
1611    2.085265934017777327e+05
1612    2.086972972305210715e+05
1613    2.087338079302679689e+05
1614    2.086403994281229971e+05
1615    2.086017257168543583e+05
1616    2.084876172947669984e+05
1617    2.083643420581073151e+05
1618    2.082355596479298256e+05
1619    2.081150488725672767e+05
1620    2.081665588653940358e+05
1621    2.083938780616879812e+05
1622    2.083027401610861998e+05
1623    2.082610659542259818e+05
1624    2.081657903735423170e+05
1625    2.081629740741131245e+05
1626    2.080349492583149113e+05
1627    2.079070818218902568e+05
1628    2.078733285484884691e+05
1629    2.078466238381741859e+05
1630    2.077972815665700182e+05
1631    2.076698734454029182e+05
1632    2.076697430851562240e+05
1633    2.076032149475548358e+05
1634    2.076232682330479729e+05
1635    2.076139228248242289e+05
1636    2.075719390963084006e+05
1637    2.076114829391907551e+05
1638    2.074847328715493495e+05
1639    2.074606512945364520e+05
1640    2.073800193479136215e+05
1641    2.074169633168126747e+05
1642    2.073264163987350767e+05
1643    2.073253306874205009e+05
1644    2.072117607538473967e+05
1645    2.073432055298658088e+05
1646    2.074258420708493213e+05
1647    2.073412275771347631e+05
1648    2.074727920785096067e+05
1649    2.073469729005397821e+05
1650    2.073502513790256635e+05
1651    2.073184573493221542e+05
1652    2.074889056605602382e+05
1653    2.074190241782506346e+05
1654    2.074160011470708414e+05
1655    2.074247827102645824e+05
1656    2.074877870767830755e+05
1657    2.074055903843397391e+05
1658    2.074651695119239157e+05
1659    2.074330473189181648e+05
1660    2.073080855154283927e+05
1661    2.075332649401450471e+05
1662    2.074879497692822770e+05
1663    2.074543302354510815e+05
1664    2.073983016136197839e+05
1665    2.073657828717771918e+05
1666    2.073234668300581397e+05
1667    2.072490077736908279e+05
1668    2.072149543268922425e+05
1669    2.072383218894258898e+05
1670    2.071879719729716599e+05
1671    2.071168218046406691e+05
1672    2.072793473795054888e+05
1673    2.078258196516283497e+05
1674    2.078136517757461115e+05
1675    2.076895885253253800e+05
1676    2.076677521636151068e+05
1677    2.075439193931528716e+05
1678    2.076194792996180186e+05
1679    2.076934616797048948e+05
1680    2.075698345259636117e+05
1681    2.075633109481066931e+05
1682    2.074399072228633740e+05
1683    2.073828181418395834e+05
1684    2.074088496469434758e+05
1685    2.073349081398209382e+05
1686    2.074163202644522535e+05
1687    2.073615631879186258e+05
1688    2.073197300866660080e+05
1689    2.072869277304535790e+05
1690    2.071642706279049162e+05
1691    2.072051057929614326e+05
1692    2.071262097791749984e+05
1693    2.070613003346475307e+05
1694    2.070805940776752250e+05
1695    2.069629261947575433e+05
1696    2.069359307415933290e+05
1697    2.068139878035681613e+05
1698    2.068877632899747696e+05
1699    2.067659918223528657e+05
1700    2.066500229066192114e+05
1701    2.065285327239232138e+05
1702    2.065143161985769984e+05
1703    2.064603545166773547e+05
1704    2.063391889586593607e+05
1705    2.063101612879727909e+05
1706    2.061892262946272676e+05
1707    2.060684329976915906e+05
1708    2.060090035040620132e+05
1709    2.060973973537194834e+05
1710    2.061874840986481286e+05
1711    2.060669741003681847e+05
1712    2.059936466950530303e+05
1713    2.060071179181706393e+05
1714    2.060037714017774560e+05
1715    2.059158481204420386e+05
1716    2.058906433419813984e+05
1717    2.058585265184799791e+05
1718    2.057387001387612545e+05
1719    2.056996175745441578e+05
1720    2.055800223153629340e+05
1721    2.054605658294777968e+05
1722    2.055118284374033392e+05
1723    2.057788769790333172e+05
1724    2.058681963173286931e+05
1725    2.058850769447751518e+05
1726    2.057998263814841921e+05
1727    2.059351845834585256e+05
1728    2.059138084200635785e+05
1729    2.058924566480583453e+05
1730    2.057734416933689790e+05
1731    2.057483540001849178e+05
1732    2.056295598864891217e+05
1733    2.055343221979195077e+05
1734    2.058377039902774268e+05
1735    2.057190622763889842e+05
1736    2.056078116518389143e+05
1737    2.055663581586852961e+05
1738    2.054795317502817488e+05
1739    2.053928054175245634e+05
1740    2.054426254383423657e+05
1741    2.053246201154043374e+05
1742    2.054066147544190462e+05
1743    2.055244048086992989e+05
1744    2.054065550146978348e+05
1745    2.054465547891340975e+05
1746    2.055302506629344134e+05
1747    2.056588075365677068e+05
1748    2.057832139455222641e+05
1749    2.057507610484600882e+05
1750    2.057183458242349443e+05
1751    2.058997669630211312e+05
1752    2.057822471470237360e+05
1753    2.056648606742433331e+05
1754    2.055476089530124736e+05
1755    2.056144960393124202e+05
1756    2.058956253572123824e+05
1757    2.058666944096887310e+05
1758    2.058377963757422694e+05
1759    2.060397365814969526e+05
1760    2.060992422846808622e+05
1761    2.062183250049404742e+05
1762    2.063921485036951781e+05
1763    2.065078984994844650e+05
1764    2.064364238109752769e+05
1765    2.063194603619237023e+05
1766    2.068066376728111063e+05
1767    2.071879514385680377e+05
1768    2.078268412037902162e+05
1769    2.078027066490706347e+05
1770    2.076853063072366058e+05
1771    2.077208085592674324e+05
1772    2.077604501973070146e+05
1773    2.077200337518202141e+05
1774    2.076796622612123610e+05
1775    2.075626564223716850e+05
1776    2.074610503063578217e+05
1777    2.073442991866726952e+05
1778    2.072276793991806917e+05
1779    2.073191614504434110e+05
1780    2.074315089590580028e+05
1781    2.074001072352033516e+05
1782    2.073142122737735044e+05
1783    2.073604710148245213e+05
1784    2.072898528126049787e+05
1785    2.072117570156712027e+05
1786    2.072728304615803063e+05
1787    2.072767523094496282e+05
1788    2.073416690918660315e+05
1789    2.074293245408057992e+05
1790    2.073134399356658687e+05
1791    2.071976846533573989e+05
1792    2.074704707118489605e+05
1793    2.073940184866445197e+05
1794    2.078164675503603066e+05
1795    2.077500961463102722e+05
1796    2.076508802884389006e+05
1797    2.078612586402824381e+05
1798    2.079355868867336540e+05
1799    2.080337142212648469e+05
1800    2.080855972810581443e+05
1801    2.082004213714619982e+05
1802    2.082101538704615086e+05
1803    2.083457177877179347e+05
1804    2.085189354897111189e+05
1805    2.084034138612766692e+05
1806    2.083399316917880496e+05
1807    2.084303365069808497e+05
1808    2.083383998492660758e+05
1809    2.082932340265086968e+05
1810    2.084171465625966957e+05
1811    2.086663495986789057e+05
1812    2.088826851832642278e+05
1813    2.087674717725647206e+05
1814    2.087028056564366852e+05
1815    2.087731181333151180e+05
1816    2.088317730899453163e+05
1817    2.089050449491098407e+05
1818    2.087901343363042688e+05
1819    2.092694570135237300e+05
1820    2.091544706703956181e+05
1821    2.090679960180605412e+05
1822    2.089859477570441668e+05
1823    2.088713068496790365e+05
1824    2.089266986701941350e+05
1825    2.088847811019854562e+05
1826    2.089575439422517957e+05
1827    2.090974486275562958e+05
1828    2.090795276818575803e+05
1829    2.091109482367925812e+05
1830    2.092183732342399016e+05
1831    2.091620352634735173e+05
1832    2.091636536167614104e+05
1833    2.091849560692079540e+05
1834    2.090708953297944390e+05
1835    2.092834761614621966e+05
1836    2.093519843842567643e+05
1837    2.092380179555632640e+05
1838    2.092265570311332121e+05
1839    2.092358426171206229e+05
1840    2.094109496578465332e+05
1841    2.094287466520039889e+05
1842    2.093150487410454371e+05
1843    2.094109978360350360e+05
1844    2.095519062894134549e+05
1845    2.094383249445788970e+05
1846    2.095422313819866977e+05
1847    2.094530281993918761e+05
1848    2.094635844001386722e+05
1849    2.094109776048902131e+05
1850    2.095873934725931904e+05
1851    2.095308936359411746e+05
1852    2.094744540685544780e+05
1853    2.096155544969495677e+05
1854    2.095683470456114737e+05
1855    2.095818713291698950e+05
1856    2.095670962388034386e+05
1857    2.095218283177130797e+05
1858    2.096334434092123993e+05
1859    2.097398955438164412e+05
1860    2.097874281117465871e+05
1861    2.098087341634065087e+05
1862    2.098693144446090737e+05
1863    2.098561574363727123e+05
1864    2.098492783961390669e+05
1865    2.097548914834685565e+05
1866    2.096768210606692301e+05
1867    2.095645122034840169e+05
1868    2.095141423406833783e+05
1869    2.094508118907141325e+05
1870    2.093924080748979759e+05
1871    2.093649259497931635e+05
1872    2.092530861794622324e+05
1873    2.091413636469141347e+05
1874    2.092568103247608233e+05
1875    2.093873535350070742e+05
1876    2.095046924064462364e+05
1877    2.094902558270036825e+05
1878    2.093787069111762976e+05
1879    2.092672767267752788e+05
1880    2.093196704702092684e+05
1881    2.096161075932851527e+05
1882    2.096448917225844634e+05
1883    2.096216070683289727e+05
1884    2.099550435630641878e+05
1885    2.101081431201771775e+05
1886    2.099967442932132690e+05
1887    2.102240249782989849e+05
1888    2.104605601894087449e+05
1889    2.103801218545919692e+05
1890    2.102688118720793864e+05
1891    2.103110892378077260e+05
1892    2.105159987460640841e+05
1893    2.106641318709170155e+05
1894    2.108153381649120420e+05
1895    2.109838330336056242e+05
1896    2.112226590884820616e+05
1897    2.116682649693193089e+05
1898    2.116541898207004124e+05
1899    2.118969946939023503e+05
1900    2.119044266543627018e+05
1901    2.121451974069045682e+05
1902    2.122301404359879962e+05
1903    2.121366182681295904e+05
1904    2.121839806167773495e+05
1905    2.121369923471023794e+05
1906    2.125248586687769857e+05
1907    2.124405265597733960e+05
1908    2.123291877983033482e+05
1909    2.124424544507997343e+05
1910    2.128724408995838894e+05
1911    2.129679600409101113e+05
1912    2.130889729781503556e+05
1913    2.135051044457460230e+05
1914    2.133935547744913492e+05
1915    2.134882138649368717e+05
1916    2.135419647572111862e+05
1917    2.135264279030842299e+05
1918    2.137272988013831200e+05
1919    2.140997153457781824e+05
1920    2.142245774078558898e+05
1921    2.141130589280689019e+05
1922    2.146046494611330854e+05
1923    2.146165210029431910e+05
1924    2.149423446887955943e+05
1925    2.149087575405903917e+05
1926    2.149590753234019503e+05
1927    2.149337452753217949e+05
1928    2.148653511512652331e+05
1929    2.149581962369876564e+05
1930    2.149709809533171065e+05
1931    2.150145675192490744e+05
1932    2.150054660825689207e+05
1933    2.151687043077211420e+05
1934    2.152270292839208851e+05
1935    2.160072874202373496e+05
1936    2.162697650196533359e+05
1937    2.162217256929589203e+05
1938    2.163416053219264722e+05
1939    2.168817456682885240e+05
1940    2.174513222591289086e+05
1941    2.175211801794571802e+05
1942    2.182518243036088825e+05
1943    2.185337702090550156e+05
1944    2.191742310123505595e+05
1945    2.192054279590499355e+05
1946    2.195381058868388645e+05
1947    2.199536212433895271e+05
1948    2.206432300118896819e+05
1949    2.208427278466231364e+05
1950    2.211235107009634376e+05
1951    2.217368068911327282e+05
1952    2.221213281407138857e+05
1953    2.221969271076371951e+05
1954    2.225877809775725182e+05
1955    2.227228975312379189e+05
1956    2.226774762012906140e+05
1957    2.231622149827690155e+05
1958    2.235508587421131087e+05
1959    2.244825360441439261e+05
1960    2.250495737284569186e+05
1961    2.254661569201456441e+05
1962    2.257282374896007823e+05
1963    2.256132560147094191e+05
1964    2.261775261599418882e+05
1965    2.261191241609794379e+05
1966    2.261602697601757245e+05
1967    2.261018793463495676e+05
1968    2.261943923984070134e+05
1969    2.272396492394231900e+05
1970    2.272335544696204306e+05
1971    2.276808552429272677e+05
1972    2.275654139752706687e+05
1973    2.276838650578628876e+05
1974    2.277001897745852475e+05
1975    2.275849043716001615e+05
1976    2.275430071373133687e+05
1977    2.275657226590147184e+05
1978    2.274506821753712429e+05
1979    2.279139469082015275e+05
1980    2.285246897270235058e+05
1981    2.290846032825308212e+05
1982    2.293005897263105726e+05
1983    2.291849532562755630e+05
1984    2.292766425904002681e+05
1985    2.295737183372446452e+05
1986    2.299362088489138114e+05
1987    2.303594784181565628e+05
1988    2.308548194780045014e+05
1989    2.309171418529101356e+05
1990    2.312702006578336586e+05
1991    2.312472775311322766e+05
1992    2.312021331280681770e+05
1993    2.314873284665850224e+05
1994    2.313860425268570834e+05
1995    2.315196099242585769e+05
1996    2.316892665289912547e+05
1997    2.316271700297358620e+05
1998    2.316443644576999359e+05
1999    2.323444125696720439e+05
2000    2.332693474449124769e+05
